0,1,2,3,4,5,6
0.0003220384,1.5253200000000002e-06,1.0237200000000002e-06,2.2594800000000004e-06,1.4956800000000002e-06,1.2312000000000002e-06,2.1226800000000003e-07
1.5253200000000002e-06,1.3989961000000002e-05,3.00381e-07,6.629790000000001e-07,4.38864e-07,3.6126e-07,6.22839e-08
1.0237200000000002e-06,3.00381e-07,5.724101e-06,4.4495900000000006e-07,2.94544e-07,2.4246e-07,4.18019e-08
2.2594800000000004e-06,6.629790000000001e-07,4.4495900000000006e-07,1.9817681e-05,6.500960000000001e-07,5.351400000000001e-07,9.226210000000001e-08
1.4956800000000002e-06,4.38864e-07,2.94544e-07,6.500960000000001e-07,1.1652836000000001e-05,3.5424000000000003e-07,6.10736e-08
1.2312000000000002e-06,3.6126e-07,2.4246e-07,5.351400000000001e-07,3.5424000000000003e-07,5.489999999999999e-06,5.0274e-08
2.1226800000000003e-07,6.22839e-08,4.18019e-08,9.226210000000001e-08,6.10736e-08,5.0274e-08,3.9679660999999994e-07
