0,1,2,3,4,5,6
0.0005638773158757233,0.0007378915124945082,0.0005363573051749581,0.0003615178854506947,0.0002368545863928831,0.00017089866688299748,0.0001135302252596143
0.0007378915124945082,0.00108141778446099,0.0008725589026342353,0.0006468256838125324,0.00046630377891574576,0.00035386599626422897,0.00023945931347100553
0.0005363573051749581,0.0008725589026342353,0.000762791855962165,0.0006022149986879568,0.00045895416884283725,0.0003578508627759922,0.00024605669578083917
0.0003615178854506947,0.0006468256838125324,0.0006022149986879568,0.0004974399288524463,0.00039344213130848706,0.0003122885297867742,0.0002182251735403887
0.0002368545863928831,0.00046630377891574576,0.00045895416884283725,0.00039344213130848706,0.0003206237841041854,0.00025820106568445636,0.00018349948129221883
0.00017089866688299748,0.00035386599626422897,0.0003578508627759922,0.0003122885297867742,0.00025820106568445636,0.0002096329887866322,0.000151003569702437
0.0001135302252596143,0.00023945931347100553,0.00024605669578083917,0.0002182251735403887,0.00018349948129221883,0.000151003569702437,0.00011344087268864365
