0,1,2,3,4,5
0.0005210090474953461,0.000805776438670932,0.0005918828736024729,0.00037292993611586585,0.00023616925126425492,0.00015916684162825063
0.000805776438670932,0.0012872645594843048,0.0009866317887853408,0.0006481397022637975,0.0004295641255206726,0.0003005882383400968
0.0005918828736024729,0.0009866317887853408,0.0007976163718368747,0.0005505965731564243,0.00038374964248917933,0.0002793052402527105
0.00037292993611586585,0.0006481397022637975,0.0005505965731564243,0.0003972745774006235,0.0002885005238833059,0.00021651367757569482
0.00023616925126425492,0.0004295641255206726,0.00038374964248917933,0.0002885005238833059,0.00021809019837081372,0.0001677171886189793
0.00015916684162825063,0.0003005882383400968,0.0002793052402527105,0.00021651367757569482,0.0001677171886189793,0.00013179716039841087
