0,1,2,3,4,5,6
0.0018929840782939357,0.0017796141537662668,0.0015696308838394541,0.0012967612407628864,0.000985518695087071,0.0006875537878538195,0.000423898928837458
0.0017796141537662668,0.001673193644069763,0.0014760677736881458,0.001219885823174119,0.0009276039734577871,0.0006477171128580247,0.0003999591516783553
0.0015696308838394541,0.0014760677736881458,0.0013027311716184626,0.001077427212777234,0.0008202358362821325,0.0005738123634225627,0.0003554892213909141
0.0012967612407628864,0.001219885823174119,0.001077427212777234,0.0008922052338360085,0.0006805719318270194,0.0004776040392128181,0.00029751730873245135
0.000985518695087071,0.0009276039734577871,0.0008202358362821325,0.0006805719318270194,0.0005207594474758627,0.000367251781455945,0.00023073168365119725
0.0006875537878538195,0.0006477171128580247,0.0005738123634225627,0.0004776040392128181,0.000367251781455945,0.00026098666293768516,0.0001661244298662608
0.000423898928837458,0.0003999591516783553,0.0003554892213909141,0.00029751730873245135,0.00023073168365119725,0.0001661244298662608,0.00010806442844119489
