0,1,2,3,4,5,6
0.0032826712943733283,0.003100380745853471,0.002761422770649707,0.0023337353928963634,0.0017912930225169133,0.0013084773300025391,0.0008670106212523807
0.003100380745853471,0.0029285087700164983,0.002608898165355457,0.002205536406033612,0.0016940277241403205,0.001238406572239513,0.000821680504721378
0.002761422770649707,0.002608898165355457,0.002325217902001713,0.00196703854977625,0.0015129805776640962,0.0011078930150620668,0.0007371515864534545
0.0023337353928963634,0.002205536406033612,0.00196703854977625,0.0016657113110682162,0.0012838814814003737,0.0009424497535611472,0.000629662641434182
0.0017912930225169133,0.0016940277241403205,0.0015129805776640962,0.0012838814814003737,0.0009939746150525077,0.0007333598945541225,0.0004941508217240826
0.0013084773300025391,0.001238406572239513,0.0011078930150620668,0.0009424497535611472,0.0007333598945541225,0.0005442616731488052,0.0003702721145997197
0.0008670106212523807,0.000821680504721378,0.0007371515864534545,0.000629662641434182,0.0004941508217240826,0.0003702721145997197,0.0002558451765134768
