0,1,2,3,4,5,6
0.00035289423346801285,0.00032881843099495666,0.0002845478665518303,0.00022858968247197318,0.00016594587284923828,0.0001073001096853601,5.674351095853983e-05
0.00032881843099495666,0.0003064492991623342,0.0002652470765594045,0.00021312519754963801,0.0001547578434341851,0.0001001387230431809,5.301777677424568e-05
0.0002845478665518303,0.0002652470765594045,0.00022968997229256844,0.00018468889827683133,0.00013426520833856407,8.705632521519732e-05,4.629597118893439e-05
0.00022858968247197318,0.00021312519754963801,0.00018468889827683133,0.00014879647500534184,0.0001085140265236483,7.073385426821326e-05,3.806588831232671e-05
0.00016594587284923828,0.0001547578434341851,0.00013426520833856407,0.0001085140265236483,7.95682481333832e-05,5.2325299688444374e-05,2.871172799235092e-05
0.0001073001096853601,0.0001001387230431809,8.705632521519732e-05,7.073385426821326e-05,5.2325299688444374e-05,3.4921679375293354e-05,1.9753451436738982e-05
5.674351095853983e-05,5.301777677424568e-05,4.629597118893439e-05,3.806588831232671e-05,2.871172799235092e-05,1.9753451436738982e-05,1.1863941286289568e-05
