0,1,2,3,4,5,6
0.0003371486273673008,0.00031713946524424957,0.00028002142993892423,0.00023146253270802072,0.00017627047830944356,0.00012310586169756406,7.62577959428793e-05
0.00031713946524424957,0.0002983402538372148,0.0002634649288991172,0.00021783519937622895,0.00016596943893870225,0.00011599384689345606,7.194726334939431e-05
0.00028002142993892423,0.0002634649288991172,0.00023274673783443337,0.0001925469560753553,0.00014684758759227502,0.00010278510087990992,6.393375050702529e-05
0.00023146253270802072,0.00021783519937622895,0.0001925469560753553,0.00015944067382990952,0.00012179745411611028,8.546344763589012e-05,5.340415666433351e-05
0.00017627047830944356,0.00016596943893870225,0.00014684758759227502,0.00012179745411611028,9.330463811837128e-05,6.575050249671801e-05,4.1408667815897383e-05
0.00012310586169756406,0.00011599384689345606,0.00010278510087990992,8.546344763589012e-05,6.575050249671801e-05,4.663101789729229e-05,2.9708821816371974e-05
7.62577959428793e-05,7.194726334939431e-05,6.393375050702529e-05,5.340415666433351e-05,4.1408667815897383e-05,2.9708821816371974e-05,1.9320093238431297e-05
