0,1,2,3,4,5,6
0.0061495782250000006,0.0032892075,0.00275724,0.002772225,0.0019405575000000003,0.0016783199999999999,0.00134865
0.0032892075,0.010040110695999999,0.0036349199999999994,0.0036546749999999996,0.0025582725,0.0022125599999999997,0.0017779499999999997
0.00275724,0.0036349199999999994,0.006964391329,0.0030636,0.00214452,0.0018547199999999998,0.0014904
0.002772225,0.0036546749999999996,0.0030636,0.007029943844,0.002156175,0.0018648,0.0014985
0.0019405575000000003,0.0025582725,0.00214452,0.002156175,0.003451624876,0.00130536,0.00104895
0.0016783199999999999,0.0022125599999999997,0.0018547199999999998,0.0018648,0.00130536,0.0025958638759999994,0.0009071999999999999
0.00134865,0.0017779499999999997,0.0014904,0.0014985,0.00104895,0.0009071999999999999,0.001700127225
