0,1,2,3,4,5,6
0.044036295435999996,0.0171856125,0.014571562499999998,0.014218312499999998,0.010049962499999999,0.009484762499999999,0.006853049999999999
0.0171856125,0.054749562401,0.018061312499999996,0.0176234625,0.012456832499999999,0.0117562725,0.00849429
0.014571562499999998,0.018061312499999996,0.037825707049,0.014942812499999998,0.010562062499999999,0.009968062499999998,0.0072022499999999995
0.014218312499999998,0.0176234625,0.014942812499999998,0.035650274444,0.0103060125,0.0097264125,0.00702765
0.010049962499999999,0.012456832499999999,0.010562062499999999,0.0103060125,0.017968819384000002,0.006874942499999999,0.00496737
0.009484762499999999,0.0117562725,0.009968062499999998,0.0097264125,0.006874942499999999,0.016416587025,0.00468801
0.006853049999999999,0.00849429,0.0072022499999999995,0.00702765,0.00496737,0.00468801,0.009048163025
