0,1,2,3,4,5,6
0.0005956164393228733,0.0005540853962667056,0.00048326620282586823,0.0004003729950923551,0.00031868635228889396,0.0002416204714405457,0.0001823354868362219
0.0005540853962667056,0.0005154610430855148,0.000449595778276961,0.00037249589179058157,0.000296517442211405,0.0002248555496394167,0.0001697062189648514
0.00048326620282586823,0.000449595778276961,0.0003921758938043982,0.0003249522268082194,0.00025870292502275184,0.00019625375354326044,0.00014815582264404107
0.0004003729950923551,0.00037249589179058157,0.0003249522268082194,0.00026928968800634024,0.0002144179544852972,0.00016272919604258204,0.0001228851161546449
0.00031868635228889396,0.000296517442211405,0.00025870292502275184,0.0002144179544852972,0.00017080922460310693,0.0001296974210172562,9.799249385981468e-05
0.0002416204714405457,0.0002248555496394167,0.00019625375354326044,0.00016272919604258204,0.0001296974210172562,9.868369543521201e-05,7.464664254037865e-05
0.0001823354868362219,0.0001697062189648514,0.00014815582264404107,0.0001228851161546449,9.799249385981468e-05,7.464664254037865e-05,5.651356663058999e-05
