0,1,2,3,4,5,6
0.0002315965334636852,0.00021377369553465006,0.00018343316000039983,0.00014898993141579007,0.00011598537735204147,8.720636530667814e-05,6.357124720318212e-05
0.00021377369553465006,0.00019733836274018568,0.00016935039059454886,0.00013757748925467963,0.00010712920728491323,8.057229641660685e-05,5.87637814282385e-05
0.00018343316000039983,0.00016935039059454886,0.00014536890146264972,0.00011813052128136057,9.20227854427443e-05,6.924864855818906e-05,5.054390947631986e-05
0.00014898993141579007,0.00013757748925467963,0.00011813052128136057,9.604250969483713e-05,7.486551885245339e-05,5.6381860567251866e-05,4.120370835222297e-05
0.00011598537735204147,0.00010712920728491323,9.20227854427443e-05,7.486551885245339e-05,5.841404374886407e-05,4.404114551376443e-05,3.224220798555999e-05
8.720636530667814e-05,8.057229641660685e-05,6.924864855818906e-05,5.6381860567251866e-05,4.404114551376443e-05,3.325256141307175e-05,2.4396791463062564e-05
6.357124720318212e-05,5.87637814282385e-05,5.054390947631986e-05,4.120370835222297e-05,3.224220798555999e-05,2.4396791463062564e-05,1.7961604605407358e-05
