0,1,2,3,4,5,6
0.0014006417607889334,0.0012942404803217215,0.0011149476355343827,0.0009079559614733235,0.0007092869392096977,0.000534273334096055,0.0003906166627644302
0.0012942404803217215,0.001195942587003942,0.0010303038566725302,0.0008390726121913207,0.0006555200687515706,0.000493835706175601,0.00036111659570321986
0.0011149476355343827,0.0010303038566725302,0.000887672400583713,0.0007229979626621708,0.0005649175024579164,0.0004256934946325769,0.00031140535174724294
0.0009079559614733235,0.0008390726121913207,0.0007229979626621708,0.0005889788232498586,0.00046030277468680613,0.00034700412356978455,0.00025399263907551444
0.0007092869392096977,0.0006555200687515706,0.0005649175024579164,0.00046030277468680613,0.00035983995131900516,0.0002714043355848002,0.00019880329831355563
0.000534273334096055,0.000493835706175601,0.0004256934946325769,0.00034700412356978455,0.0002714043355848002,0.0002049133577370959,0.00015030262247907512
0.0003906166627644302,0.00036111659570321986,0.00031140535174724294,0.00025399263907551444,0.00019880329831355563,0.00015030262247907512,0.00011046396173610664
