0,1,2,3,4,5,6
0.0021638770711232425,0.002032266481080306,0.0017886977841484214,0.0014723723188408856,0.0011125354844143463,0.0007692468373799842,0.00046764742109920804
0.002032266481080306,0.001908839291900879,0.001680400246720655,0.0013836986812516443,0.001046122316218098,0.0007239725163360874,0.0004408641058376501
0.0017886977841484214,0.001680400246720655,0.0014799345213828573,0.0012195178297599663,0.0009231068292468415,0.0006400564056547602,0.00039115675084334803
0.0014723723188408856,0.0013836986812516443,0.0012195178297599663,0.0010061729834829993,0.0007631664613026439,0.0005308604688702383,0.00032636840629213676
0.0011125354844143463,0.001046122316218098,0.0009231068292468415,0.0007631664613026439,0.0005807965586023903,0.0004061193080809014,0.0002520923799371889
0.0007692468373799842,0.0007239725163360874,0.0006400564056547602,0.0005308604688702383,0.0004061193080809014,0.00028628489958119506,0.00018032324943881555
0.00046764742109920804,0.0004408641058376501,0.00039115675084334803,0.00032636840629213676,0.0002520923799371889,0.00018032324943881555,0.00011652803458338244
