0,1,2,3,4,5,6
0.0038874826697278746,0.003667647863214015,0.0032592446115242103,0.002736443069755172,0.002102237874355286,0.0015121981984651351,0.0009902280357740522
0.003667647863214015,0.003460550442392577,0.0030757852122627683,0.002583169005376717,0.0019856227650565258,0.0014294126083669683,0.0009371593551609792
0.0032592446115242103,0.0030757852122627683,0.002734889430598258,0.0022982995284646915,0.0017687924922106658,0.0012753920123856977,0.0008383299878462532
0.002736443069755172,0.002583169005376717,0.0022982995284646915,0.0019333040392629872,0.0014906453721500368,0.0010775527361342318,0.0007111071509138712
0.002102237874355286,0.0019856227650565258,0.0017687924922106658,0.0014906453721500368,0.0011536570697955747,0.0008379798223793479,0.0005571856417368915
0.0015121981984651351,0.0014294126083669683,0.0012753920123856977,0.0010775527361342318,0.0008379798223793479,0.000612608545862971,0.0004113397359969963
0.0009902280357740522,0.0009371593551609792,0.0008383299878462532,0.0007111071509138712,0.0005571856417368915,0.0004113397359969963,0.0002803193575865716
