0,1,2,3,4,5,6
0.0008086890789188502,0.0007640200055588617,0.0006808680257092114,0.000571946233271414,0.0004457859861009217,0.00032297895047561924,0.00021315757821357582
0.0007640200055588617,0.0007218701454275669,0.0006434036485092766,0.000540608177334435,0.00042154128194681604,0.00030560374499366663,0.0002018946437898167
0.0006808680257092114,0.0006434036485092766,0.0005736519939654293,0.00048225213503637625,0.00037637989081290194,0.00027322330469031026,0.00018088872596043137
0.000571946233271414,0.000540608177334435,0.00048225213503637625,0.00040575610762977674,0.00031713943938336327,0.00023070713589761513,0.00015326167045719567
0.0004457859861009217,0.00042154128194681604,0.00037637989081290194,0.00031713943938336327,0.0002485087650178141,0.00018143911035294774,0.0001212398255590229
0.00032297895047561924,0.00030560374499366663,0.00027322330469031026,0.00023070713589761513,0.00018143911035294774,0.00013316725282472533,8.971968529616239e-05
0.00021315757821357582,0.0002018946437898167,0.00018088872596043137,0.00015326167045719567,0.0001212398255590229,8.971968529616239e-05,6.1231326848294e-05
