0,1,2,3,4,5,6
0.0006538471875806865,0.0006147641365439538,0.0005446940920619542,0.00045702937013099954,0.00036614232741047484,0.00028518982862504904,0.00021508464285175093
0.0006147641365439538,0.0005780190860652716,0.0005121406487968055,0.00042971989530260284,0.00034427216884122595,0.0002681585456167489,0.0002022459053499268
0.0005446940920619542,0.0005121406487968055,0.0004537769997766114,0.00038075773349847015,0.00030506159141202864,0.00023762336588654487,0.00017922724798486405
0.00045702937013099954,0.00042971989530260284,0.00038075773349847015,0.00031950035135123675,0.0002560038332094998,0.0001994194471787244,0.00015042709149377337
0.00036614232741047484,0.00034427216884122595,0.00030506159141202864,0.0002560038332094998,0.00020516635846245358,0.0001598327949365656,0.00012059250303994908
0.00028518982862504904,0.0002681585456167489,0.00023762336588654487,0.0001994194471787244,0.0001598327949365656,0.00012452421399741415,9.39639396723549e-05
0.00021508464285175093,0.0002022459053499268,0.00017922724798486405,0.00015042709149377337,0.00012059250303994908,9.39639396723549e-05,7.09227077796648e-05
