0,1,2,3,4,5,6
0.00022063050099683796,0.00020702491276986605,0.00018275704687877647,0.00015241192684602528,0.00012073100743142269,9.369433279020501e-05,6.983986365317761e-05
0.00020702491276986605,0.0001942593981479746,0.0001714897927146406,0.00014301835107605204,0.00011329446037295902,8.792414831118956e-05,6.554142360226607e-05
0.00018275704687877647,0.0001714897927146406,0.0001513923729732214,0.00012626269891549075,0.00010002904668650041,7.763111176446565e-05,5.7873425914293546e-05
0.00015241192684602528,0.00014301835107605204,0.00012626269891549075,0.0001053125218280872,8.344393122687821e-05,6.476232042995705e-05,4.828728554588649e-05
0.00012073100743142269,0.00011329446037295902,0.00010002904668650041,8.344393122687821e-05,6.613547751228079e-05,5.1332839087295965e-05,3.828536342553971e-05
9.369433279020501e-05,8.792414831118956e-05,7.763111176446565e-05,6.476232042995705e-05,5.1332839087295965e-05,3.984494536184837e-05,2.9720155501587484e-05
6.983986365317761e-05,6.554142360226607e-05,5.7873425914293546e-05,4.828728554588649e-05,3.828536342553971e-05,2.9720155501587484e-05,2.217506257526425e-05
