0,1,2,3,4,5,6
0.0060473832706698415,0.005674678538825318,0.004996747560176278,0.004128885766616398,0.003203298392631053,0.002335239130822421,0.0015979208448954735
0.005674678538825318,0.005324963681255443,0.004688849179519602,0.003874518118656986,0.003006021568191073,0.002191492441335504,0.0014996364734401121
0.004996747560176278,0.004688849179519602,0.004128795065944926,0.0034118316189897307,0.0026471781921350857,0.001930016197988041,0.0013208528943956285
0.004128885766616398,0.003874518118656986,0.0034118316189897307,0.0028195120057944046,0.00218779193462258,0.0015952738996467867,0.0010919694227833122
0.003203298392631053,0.003006021568191073,0.0026471781921350857,0.00218779193462258,0.001697846189739203,0.001238261948314804,0.0008478569533287142
0.002335239130822421,0.002191492441335504,0.001930016197988041,0.0015952738996467867,0.001238261948314804,0.0009033300899093179,0.0006187946328271871
0.0015979208448954735,0.0014996364734401121,0.0013208528943956285,0.0010919694227833122,0.0008478569533287142,0.0006187946328271871,0.00042417765191837646
