0,1,2,3,4,5,6
0.00045161749787478846,0.0004246659580563978,0.0003753931728092845,0.00031184220311294,0.00024322985590641825,0.0001778603087491124,0.0001215064062921713
0.0004246659580563978,0.0003993242583298734,0.00035299451123670957,0.0002932392492976753,0.0002287246654676784,0.00016725879766805036,0.0001142696194525047
0.0003753931728092845,0.00035299451123670957,0.0003120450992323449,0.0002592289938875025,0.00020220578433409104,0.00014787649410756136,0.00010103862142038828
0.00031184220311294,0.0002932392492976753,0.0002592289938875025,0.0002153625149975385,0.0001680011698861838,0.00012287619733037844,8.397196224491961e-05
0.00024322985590641825,0.0002287246654676784,0.00020220578433409104,0.0001680011698861838,0.00013107065123310938,9.588261415916093e-05,6.55435917699557e-05
0.0001778603087491124,0.00016725879766805036,0.00014787649410756136,0.00012287619733037844,9.588261415916093e-05,7.016112608010291e-05,4.798202699945294e-05
0.0001215064062921713,0.0001142696194525047,0.00010103862142038828,8.397196224491961e-05,6.55435917699557e-05,4.798202699945294e-05,3.283680153628641e-05
