0,1,2,3,4,5,6
0.0029640571821104877,0.0027772074872110643,0.0024375407445047757,0.0020035220937577383,0.0015397315738420946,0.0011079560563544049,0.0007410731558116746
0.0027772074872110643,0.0026021457032011155,0.002283907291054218,0.001877268269118948,0.0014427364063109116,0.0010381931985948725,0.000694448195504502
0.0024375407445047757,0.002283907291054218,0.0020046218041413905,0.0016477541678934402,0.0012664093918043403,0.0009113700550954972,0.0006096860321837466
0.0020035220937577383,0.001877268269118948,0.0016477541678934402,0.0013544811195328886,0.0010410951882104526,0.0007493092714883909,0.0005013687158850181
0.0015397315738420946,0.0014427364063109116,0.0012664093918043403,0.0010410951882104526,0.0008003319539925657,0.0005761397243464771,0.0003856301946466585
0.0011079560563544049,0.0010381931985948725,0.0009113700550954972,0.0007493092714883909,0.0005761397243464771,0.00041486526601746315,0.00027781504510469103
0.0007410731558116746,0.000694448195504502,0.0006096860321837466,0.0005013687158850181,0.0003856301946466585,0.00027781504510469103,0.00018618791610396993
