0,1,2,3,4,5,6
0.011471043695249889,0.015437754299305313,0.011411931432891233,0.008006224179188696,0.0059234442109881895,0.004430627082220328,0.003102469645453444
0.015437754299305313,0.02515629679632465,0.021943871911196563,0.01716820671196469,0.01314611252925571,0.009910568411920654,0.007260895535671759
0.011411931432891233,0.021943871911196563,0.021698898759444554,0.01845721172408907,0.01471468715889454,0.011332072580935958,0.00855995289191117
0.008006224179188696,0.01716820671196469,0.01845721172408907,0.016680120882983273,0.013796835403496497,0.01088507160051401,0.008403698313952924
0.0059234442109881895,0.01314611252925571,0.01471468715889454,0.013796835403496497,0.011735465649194502,0.009459063997670094,0.007418455320628303
0.004430627082220328,0.009910568411920654,0.011332072580935958,0.01088507160051401,0.009459063997670094,0.007769798914212775,0.0061778958779681505
0.003102469645453444,0.007260895535671759,0.00855995289191117,0.008403698313952924,0.007418455320628303,0.0061778958779681505,0.004972086881760482
