0,1,2,3,4,5,6
0.00036475543290168756,0.00034289072251554874,0.0003025010339743234,0.00024936729684443826,0.00018935870177116978,0.00013100443104544374,7.835872367941816e-05
0.00034289072251554874,0.00032236977497203525,0.0002844583848968281,0.00023458116883832492,0.0001782452887015072,0.00012344505492239605,7.400378969561314e-05
0.0003025010339743234,0.0002844583848968281,0.00025112175857633834,0.0002072508926940518,0.00015768697664310965,0.00010943824306641669,6.587965114596802e-05
0.00024936729684443826,0.00023458116883832492,0.0002072508926940518,0.00017127465200974138,0.00013061609476735858,9.099049686986694e-05,5.521224496041331e-05
0.00018935870177116978,0.0001782452887015072,0.00015768697664310965,0.00013061609476735858,0.00010000665333325901,7.011642427729742e-05,4.314130561390723e-05
0.00013100443104544374,0.00012344505492239605,0.00010943824306641669,9.099049686986694e-05,7.011642427729742e-05,4.967130399234382e-05,3.126258669243518e-05
7.835872367941816e-05,7.400378969561314e-05,6.587965114596802e-05,5.521224496041331e-05,4.314130561390723e-05,3.126258669243518e-05,2.079472383385088e-05
