0,1,2,3,4,5,6
0.0008374243233136596,0.0007920023498300137,0.0007073958156707762,0.0005947118222990938,0.0004642497573949272,0.00033765373848481875,0.00021980751937230358
0.0007920023498300137,0.0007491193165204255,0.0006692363764742214,0.0005627772788376453,0.0004395212788382293,0.0003198940348042437,0.00020837034799228515
0.0007073958156707762,0.0006692363764742214,0.000598141907138815,0.000503268861248271,0.0003934252668694293,0.00028677076886670153,0.0001870278156403981
0.0005947118222990938,0.0005627772788376453,0.000503268861248271,0.00042379221815162907,0.00033176742108434107,0.00024233328350560645,0.00015853010755130295
0.0004642497573949272,0.0004395212788382293,0.0003934252668694293,0.00033176742108434107,0.0002603726227151203,0.00019086836475103497,0.0001255127313671783
0.00033765373848481875,0.0003198940348042437,0.00028677076886670153,0.00024233328350560645,0.00019086836475103497,0.00014066151318862328,9.311574051800724e-05
0.00021980751937230358,0.00020837034799228515,0.0001870278156403981,0.00015853010755130295,0.0001255127313671783,9.311574051800724e-05,6.27702633823619e-05
