0,1,2,3,4,5,6
0.004011829952590284,0.0037884082678675463,0.003373114630817349,0.002839026623070577,0.0021774329896705187,0.0015676919528834707,0.0010310426403979899
0.0037884082678675463,0.003577827434670892,0.0031863705768256636,0.0026827934694100223,0.002058648828388237,0.0014833056093641593,0.0009767966359820995
0.003373114630817349,0.0031863705768256636,0.0028391649804562075,0.0023922395883219636,0.0018376518113255818,0.0013262099694877972,0.0008757056321626011
0.002839026623070577,0.0026827934694100223,0.0023922395883219636,0.0020179330329054023,0.001552679555313762,0.0011233337647502274,0.0007447782297915637
0.0021774329896705187,0.002058648828388237,0.0018376518113255818,0.001552679555313762,0.0011991289549635653,0.0008715379280870476,0.0005818669924716604
0.0015676919528834707,0.0014833056093641593,0.0013262099694877972,0.0011233337647502274,0.0008715379280870476,0.0006373743204625658,0.00042955449383925997
0.0010310426403979899,0.0009767966359820995,0.0008757056321626011,0.0007447782297915637,0.0005818669924716604,0.00042955449383925997,0.00029371596676259695
