0,1,2,3,4,5
0.00015999280621702738,0.0003015152851515403,0.0002803079679780618,0.00022071940647129447,0.000169718255952759,0.0001233760466736261
0.0003015152851515403,0.0005704772396575855,0.0005322416307108234,0.00042013515451155945,0.0003235580603818104,0.00023554720163325535
0.0002803079679780618,0.0005322416307108234,0.0004982223016236751,0.00039423780212272737,0.00030410898509598643,0.0002217258753243357
0.00022071940647129447,0.00042013515451155945,0.00039423780212272737,0.00031254136664308455,0.0002414148511046396,0.00017624029923308005
0.000169718255952759,0.0003235580603818104,0.00030410898509598643,0.0002414148511046396,0.00018667305611014005,0.00013641506570802534
0.0001233760466736261,0.00023554720163325535,0.0002217258753243357,0.00017624029923308005,0.00013641506570802534,9.978822963926203e-05
