0,1,2,3,4,5
0.0044503273408237065,0.008455062959813664,0.007847723339133344,0.006148793579932748,0.00466489772240295,0.003346905750370498
0.008455062959813664,0.016221675457794203,0.015206156156261058,0.012005040018186247,0.00916387201701783,0.006614383967726713
0.007847723339133344,0.015206156156261058,0.014396903420892527,0.01145322907200362,0.008796897746082012,0.0063879282201947125
0.006148793579932748,0.012005040018186247,0.01145322907200362,0.00916491341074414,0.007072900568272051,0.005159896556245236
0.00466489772240295,0.00916387201701783,0.008796897746082012,0.007072900568272051,0.005479772862191141,0.0040128686631130395
0.003346905750370498,0.006614383967726713,0.0063879282201947125,0.005159896556245236,0.0040128686631130395,0.00294949727483105
