0,1,2,3,4,5
0.008127470952107052,0.013971677786059124,0.011263761160877317,0.008372951850804293,0.006216611322037817,0.004261454778094849
0.013971677786059124,0.02482840529743895,0.02052278320966417,0.015329745659352809,0.011456672690226051,0.007903691290282192
0.011263761160877317,0.02052278320966417,0.017366364285673938,0.013124766225641179,0.009899652473019348,0.00690863974402374
0.008372951850804293,0.015329745659352809,0.013124766225641179,0.010066568112570095,0.007664064048487695,0.0054174351689826655
0.006216611322037817,0.011456672690226051,0.009899652473019348,0.007664064048487695,0.005874798103739984,0.004186944591061409
0.004261454778094849,0.007903691290282192,0.00690863974402374,0.0054174351689826655,0.004186944591061409,0.003017055229832291
