0,1,2,3,4,5
0.015401370743345544,0.026534352597933134,0.02119805091989078,0.015436737426084137,0.011211350794082467,0.007418515068680764
0.026534352597933134,0.04658504921739977,0.03794485203802455,0.027925798256879828,0.020496727024678797,0.013741773709618063
0.02119805091989078,0.03794485203802455,0.03168430855688669,0.023700506543368447,0.017651185296688163,0.012069512856390836
0.015436737426084137,0.027925798256879828,0.023700506543368447,0.01795136744845518,0.013512745220379398,0.009376429277718945
0.011211350794082467,0.020496727024678797,0.017651185296688163,0.013512745220379398,0.010266849891127361,0.007210709299632676
0.007418515068680764,0.013741773709618063,0.012069512856390836,0.009376429277718945,0.007210709299632676,0.005149736041487472
