0,1,2,3,4,5
0.01274251724651121,0.022140596269707824,0.017885650399885895,0.013147465574337049,0.009662562457982377,0.006507291015041744
0.022140596269707824,0.03931556039525637,0.03236954526238593,0.023985263522077076,0.017760600874933467,0.012065454576904179
0.017885650399885895,0.03236954526238593,0.027206060625202873,0.020424097994027737,0.015285991061071563,0.010526722198154924
0.013147465574337049,0.023985263522077076,0.020424097994027737,0.015522155411746404,0.011725468073038979,0.008173641433487741
0.009662562457982377,0.017760600874933467,0.015285991061071563,0.011725468073038979,0.008922942645978878,0.006276754972932647
0.006507291015041744,0.012065454576904179,0.010526722198154924,0.008173641433487741,0.006276754972932647,0.004469333066405841
