0,1,2,3,4,5
0.00030807210351540464,0.0004687718462304384,0.0003382981291779924,0.0002485882142222594,0.00018267808592093665,0.00012366715872438278
0.0004687718462304384,0.0008122621034408953,0.0006413493907077542,0.0004676330515744481,0.00035159462502333625,0.00024028902541930073
0.0003382981291779924,0.0006413493907077542,0.0005470493888655885,0.0004067215585358986,0.0003103536441539568,0.00021665455962264853
0.0002485882142222594,0.0004676330515744481,0.0004067215585358986,0.00031519229793913647,0.00024351794091125644,0.00017447816229852775
0.00018267808592093665,0.00035159462502333625,0.0003103536441539568,0.00024351794091125644,0.00019009028084922267,0.00013742772484965404
0.00012366715872438278,0.00024028902541930073,0.00021665455962264853,0.00017447816229852775,0.00013742772484965404,0.00010100355510817551
