0,1,2,3,4,5
0.0030367469537427,0.004983908371532614,0.003878710272980975,0.0028779496099147614,0.002135209393402584,0.001469687324369431
0.004983908371532614,0.008745791377285001,0.007125741522242856,0.0052885058916689,0.003965974559767357,0.002747579406442797
0.003878710272980975,0.007125741522242856,0.006038981484989031,0.004541451303076988,0.00344287044255242,0.0024171581023363607
0.0028779496099147614,0.0052885058916689,0.004541451303076988,0.003495055872752045,0.002677510408080525,0.0019111207799611652
0.002135209393402584,0.003965974559767357,0.00344287044255242,0.002677510408080525,0.0020662863674272267,0.0014870024783685855
0.001469687324369431,0.002747579406442797,0.0024171581023363607,0.0019111207799611652,0.0014870024783685855,0.0010830819322536261
