0,1,2,3,4,5
0.010548891893033607,0.01746147688774471,0.01380708225725202,0.00986751388407797,0.007187005238212074,0.004722097829421023
0.01746147688774471,0.029575790715348903,0.024063637283366777,0.01752930741744693,0.012925023989264824,0.008662278527589877
0.01380708225725202,0.024063637283366777,0.020264318923485153,0.01510776194515349,0.011308401678108641,0.007754424035883761
0.00986751388407797,0.01752930741744693,0.01510776194515349,0.011453945480007405,0.008672187668468095,0.006043412124214013
0.007187005238212074,0.012925023989264824,0.011308401678108641,0.008672187668468095,0.006618979949503653,0.004662572578285816
0.004722097829421023,0.008662278527589877,0.007754424035883761,0.006043412124214013,0.004662572578285816,0.003331992323469099
