0,1,2,3,4,5
0.02041002667621306,0.03352093456204179,0.025942305747942013,0.018086484531267648,0.012701300714849971,0.0076832667309220245
0.03352093456204179,0.056058628811914764,0.04451490404949728,0.03171093299377149,0.022670502572746488,0.01417914232981553
0.025942305747942013,0.04451490404949728,0.03662662459220224,0.026865198875866227,0.01966302978527422,0.01281684139964448
0.018086484531267648,0.03171093299377149,0.026865198875866227,0.02018494036524417,0.015054850458140102,0.01012401348909638
0.012701300714849971,0.022670502572746488,0.01966302978527422,0.015054850458140102,0.011392136865718595,0.007837793843780808
0.0076832667309220245,0.01417914232981553,0.01281684139964448,0.01012401348909638,0.007837793843780808,0.005581300200025499
