0,1,2,3,4,5
0.0038274341059168883,0.0061626490875038974,0.004714883632349048,0.0033483077677340387,0.0024800827248028685,0.0015657731319734952
0.0061626490875038974,0.010275650848611609,0.008213278008034498,0.005985636664607444,0.00450764667371372,0.0029297161949444145
0.004714883632349048,0.008213278008034498,0.006908291520068273,0.005183218740322622,0.00397419260745685,0.002663097153322763
0.0033483077677340387,0.005985636664607444,0.005183218740322622,0.003956146132497882,0.0030651540038916817,0.0020905929412048706
0.0024800827248028685,0.00450764667371372,0.00397419260745685,0.0030651540038916817,0.0023897972687572625,0.0016470387535917521
0.0015657731319734952,0.0029297161949444145,0.002663097153322763,0.0020905929412048706,0.0016470387535917521,0.0011549495429977342
