0,1,2,3,4,5
0.00037081773268232395,0.0005706743935168106,0.00040968916938488776,0.00028607920229023107,0.00019547450565777206,0.00012497764420167258
0.0005706743935168106,0.0009250984156644173,0.0007124088713934096,0.0005170993107588613,0.0003637728030496451,0.00024463728903156807
0.00040968916938488776,0.0007124088713934096,0.0005964103171553724,0.00045154066171910573,0.00032755483874523687,0.0002309254121210574
0.00028607920229023107,0.0005170993107588613,0.00045154066171910573,0.00034902399264703516,0.0002571590114686075,0.00018504613495612848
0.00019547450565777206,0.0003637728030496451,0.00032755483874523687,0.0002571590114686075,0.00019185219282930247,0.0001400185717658809
0.00012497764420167258,0.00024463728903156807,0.0002309254121210574,0.00018504613495612848,0.0001400185717658809,0.00010405039389040434
