0,1,2,3,4,5
0.023442940500169852,0.038178184438095196,0.029165774035563446,0.01990483937090755,0.013824353904555843,0.008185944983098334
0.038178184438095196,0.06327007850262242,0.04959271968734167,0.034645524970572814,0.02454285630022585,0.015086213511240992
0.029165774035563446,0.04959271968734167,0.04032230803143896,0.02909425650615518,0.0211618686985679,0.013627702073321694
0.01990483937090755,0.034645524970572814,0.02909425650615518,0.021586503569971684,0.016049929692616285,0.010715505471964917
0.013824353904555843,0.02454285630022585,0.0211618686985679,0.016049929692616285,0.01213764389885676,0.008320080055067626
0.008185944983098334,0.015086213511240992,0.013627702073321694,0.010715505471964917,0.008320080055067626,0.005929373053413995
