0,1,2,3,4,5,6
0.002931538513168194,0.005025155973726811,0.004953806799423793,0.004416696263376954,0.0037207903695374383,0.003051586316207252,0.0022442144843814534
0.005025155973726811,0.008711820019300872,0.008651731293470919,0.007757317822510638,0.006564916598677742,0.005398572252152555,0.003991684681467806
0.004953806799423793,0.008651731293470919,0.008636277730643455,0.007775403106908687,0.0066027333457822,0.0054416517720884145,0.0040437501450738544
0.004416696263376954,0.007757317822510638,0.007775403106908687,0.0070242903247096184,0.005982088334664002,0.004939872664941663,0.0036881892038073123
0.0037207903695374383,0.006564916598677742,0.0066027333457822,0.005982088334664002,0.005107026013617007,0.00422457772015861,0.0031677888006518095
0.003051586316207252,0.005398572252152555,0.0054416517720884145,0.004939872664941663,0.00422457772015861,0.003499286670425762,0.002633279089269528
0.0022442144843814534,0.003991684681467806,0.0040437501450738544,0.0036881892038073123,0.0031677888006518095,0.002633279089269528,0.002011502912775895
