0,1,2,3,4,5,6
0.044533857345424144,0.06810939741214517,0.05906453856392515,0.04644835604292398,0.03611399793690369,0.027772818256350515,0.019634609943752088
0.06810939741214517,0.1134643158721331,0.10655330738453805,0.08995656344216726,0.07315163922776001,0.05810676883452031,0.04372856724045558
0.05906453856392515,0.10655330738453805,0.10666524001137734,0.09469317322799445,0.0792915202269846,0.0642697097829883,0.05011798762723441
0.04644835604292398,0.08995656344216726,0.09469317322799445,0.08716582025114862,0.07448113803851715,0.0612112311895179,0.04882336180421172
0.03611399793690369,0.07315163922776001,0.0792915202269846,0.07448113803851715,0.06437546407733928,0.05333430016412412,0.043059332834667514
0.027772818256350515,0.05810676883452031,0.0642697097829883,0.0612112311895179,0.05333430016412412,0.0444515932886232,0.036188171608531314
0.019634609943752088,0.04372856724045558,0.05011798762723441,0.04882336180421172,0.043059332834667514,0.036188171608531314,0.02982128477068472
