0,1,2,3,4,5,6
0.0023344622757697216,0.002222418113669118,0.0020124072849352515,0.0017303625511534701,0.0014061765678750422,0.0010921056033800173,0.000776135011942336
0.002222418113669118,0.002115887205998652,0.001916200208285743,0.0016479978020079646,0.0013397096333941992,0.0010408787527369534,0.0007403101199759165
0.0020124072849352515,0.001916200208285743,0.0017358458072707905,0.001493566457879328,0.0012150516174889395,0.0009447740475450963,0.0006730571514511612
0.0017303625511534701,0.0016479978020079646,0.001493566457879328,0.0012860510626442106,0.0010474655571168045,0.0008155078165153089,0.0005825002481544557
0.0014061765678750422,0.0013397096333941992,0.0012150516174889395,0.0010474655571168045,0.000854779406953971,0.0006668322487496121,0.00047828480425809094
0.0010921056033800173,0.0010408787527369534,0.0009447740475450963,0.0008155078165153089,0.0006668322487496121,0.000521381295063433,0.00037561796187107174
0.000776135011942336,0.0007403101199759165,0.0006730571514511612,0.0005825002481544557,0.00047828480425809094,0.00037561796187107174,0.0002730679147267259
