0,1,2,3,4,5,6
0.00832745199922983,0.007916863176428049,0.007148582842339155,0.006118444718455317,0.004957459781061705,0.0037809214511910333,0.0026695879101225756
0.007916863176428049,0.007526930360249747,0.0067972689968923495,0.005818848257597027,0.004716052454512806,0.0035981854492520087,0.0025421974942390494
0.007148582842339155,0.0067972689968923495,0.006139813114617756,0.005258093056465572,0.004264106330717055,0.0032559722973969376,0.0023035049129463588
0.006118444718455317,0.005818848257597027,0.005258093056465572,0.004505893379247673,0.0036576491421802214,0.0027965544237459144,0.0019828097983641494
0.004957459781061705,0.004716052454512806,0.004264106330717055,0.0036576491421802214,0.0029734944613162076,0.0022779172337140004,0.0016203861302043182
0.0037809214511910333,0.0035981854492520087,0.0032559722973969376,0.0027965544237459144,0.0022779172337140004,0.0017497248241074908,0.001250032432568157
0.0026695879101225756,0.0025421974942390494,0.0023035049129463588,0.0019828097983641494,0.0016203861302043182,0.001250032432568157,0.0008995247316193266
