0,1,2,3,4
2.1104819693626103e-08,6.632830492007344e-09,-7.834203747267899e-09,-1.0011012653864212e-08,-9.892433784504051e-09
6.632830492007344e-09,2.1981410869783184e-09,-2.460024791548936e-09,-3.17614241300261e-09,-3.1948043744349905e-09
-7.834203747267899e-09,-2.460024791548936e-09,2.9144823375939944e-09,3.708203320846986e-09,3.6715428803768634e-09
-1.0011012653864212e-08,-3.17614241300261e-09,3.708203320846986e-09,4.769341256787837e-09,4.709610489233274e-09
-9.892433784504051e-09,-3.1948043744349905e-09,3.6715428803768634e-09,4.709610489233274e-09,4.7060847893302e-09
