0,1,2,3,4,5,6
0.0011822716270951986,0.001107547873478829,0.0009721924496838283,0.0008002147959431542,0.0006184036597710867,0.0004493389855089282,0.0003075176347782331
0.001107547873478829,0.0010375600747859846,0.0009107827336073331,0.0007497025574724142,0.0005794102109804266,0.000421051758895835,0.00028820607922595875
0.0009721924496838283,0.0009107827336073331,0.0007995426323574309,0.000658200830040653,0.0005087723199233892,0.0003698061712060849,0.0002532185030671911
0.0008002147959431542,0.0007497025574724142,0.000658200830040653,0.0005419346625291965,0.00041901178407366494,0.0003046823997980979,0.000208750183017405
0.0006184036597710867,0.0005794102109804266,0.0005087723199233892,0.00041901178407366494,0.00032410633660978275,0.00023581959947279146,0.00016172225716282412
0.0004493389855089282,0.000421051758895835,0.0003698061712060849,0.0003046823997980979,0.00023581959947279146,0.00017174185330433008,0.00011794402507637572
0.0003075176347782331,0.00028820607922595875,0.0002532185030671911,0.000208750183017405,0.00016172225716282412,0.00011794402507637572,8.116975331230889e-05
