0,1,2,3,4,5,6
0.0024546448999875985,0.0023020008256434297,0.0020253918121492086,0.0016736772535325543,0.0013018731024564893,0.0009552724180419519,0.0006629625517004078
0.0023020008256434297,0.002158879596543018,0.0018995255479649698,0.001569749709543719,0.001221127811229061,0.0008961289609818455,0.0006220309987462869
0.0020253918121492086,0.0018995255479649698,0.0016714367944568895,0.0013814130942462908,0.001074797057841275,0.0007889408325753695,0.0005478432479410139
0.0016736772535325543,0.001569749709543719,0.0013814130942462908,0.0011419321716034645,0.0008887248137472583,0.0006526371859767584,0.00045349880686230585
0.0013018731024564893,0.001221127811229061,0.001074797057841275,0.0008887248137472583,0.0006919575979796631,0.000508466231617338,0.0003536730182257196
0.0009552724180419519,0.0008961289609818455,0.0007889408325753695,0.0006526371859767584,0.000508466231617338,0.00037399167614727934,0.0002605275479263199
0.0006629625517004078,0.0006220309987462869,0.0005478432479410139,0.00045349880686230585,0.0003536730182257196,0.0002605275479263199,0.00018191187594043858
