0,1,2,3,4,5,6
0.0005081223906791499,0.00047843832237576896,0.0004243141786018957,0.0003547967153793297,0.0002802310454947277,0.0002094841906238506,0.00014854979225497345
0.00047843832237576896,0.0004504933772265969,0.00039953999478192277,0.0003340946783980855,0.00026389588704971975,0.00019729024314063613,0.00013992166982464168
0.0004243141786018957,0.00039953999478192277,0.0003543675424935508,0.00029634658212900533,0.00023410955249147136,0.00017505433207828502,0.00012418716590213794
0.0003547967153793297,0.0003340946783980855,0.00029634658212900533,0.0002478606365467641,0.00019584888479262834,0.00014649082477286035,0.0001039736274843707
0.0002802310454947277,0.00026389588704971975,0.00023410955249147136,0.00019584888479262834,0.00015480283892474713,0.00011584452367193264,8.228247013976227e-05
0.0002094841906238506,0.00019729024314063613,0.00017505433207828502,0.00014649082477286035,0.00011584452367193264,8.675003541176217e-05,6.168205143327373e-05
0.00014854979225497345,0.00013992166982464168,0.00012418716590213794,0.0001039736274843707,8.228247013976227e-05,6.168205143327373e-05,4.392880700396581e-05
