0,1,2,3,4,5,6
0.008349271855572344,0.010662175084212931,0.007424464134651762,0.004919041239445321,0.003510944915619145,0.0025574430585859308,0.001731300597559188
0.010662175084212931,0.016439987603038927,0.013583321722531428,0.010122740664402795,0.007485499787724684,0.005517828052206108,0.003955586194367622
0.007424464134651762,0.013583321722531428,0.012819677284188874,0.010462171295350091,0.008083874686038729,0.0061102026190173525,0.004549710296345935
0.004919041239445321,0.010122740664402795,0.010462171295350091,0.009134303688655226,0.007365771436499145,0.0057302164870003365,0.0043853146829158475
0.003510944915619145,0.007485499787724684,0.008083874686038729,0.007365771436499145,0.006149225666939256,0.004912090911793903,0.003835905260964943
0.0025574430585859308,0.005517828052206108,0.0061102026190173525,0.0057302164870003365,0.004912090911793903,0.004013417338031688,0.0031879759949088476
0.001731300597559188,0.003955586194367622,0.004549710296345935,0.0043853146829158475,0.003835905260964943,0.0031879759949088476,0.002570889904211925
