0,1,2,3,4,5,6
0.009617319174000001,0.007194331515,0.006892090985,0.0064863953790000005,0.005461387792,0.004947305606,0.0041507846970000005
0.007194331515,0.036695017777999994,0.012709723611,0.011961786111000001,0.010071407261999999,0.0091233345,0.007654629537
0.006892090985,0.012709723611,0.053318237778,0.011459063889,0.009648240238,0.008740043,0.007332905463
0.0064863953790000005,0.011961786111000001,0.011459063889,0.047635316667,0.009080365595,0.008225581611,0.00690141
0.005461387792,0.010071407261999999,0.009648240238,0.009080365595,0.024645411837000003,0.006925733143000001,0.005810729127
0.004947305606,0.0091233345,0.008740043,0.008225581611,0.006925733143000001,0.013603950667,0.005263728963
0.0041507846970000005,0.007654629537,0.007332905463,0.00690141,0.005810729127,0.005263728963,0.008280527778
