0,1,2,3,4,5
0.0002436488093115262,0.0003578667366187342,0.0002604478938984802,0.00020093607407952255,0.00014429553814207096,9.978969786803895e-05
0.0003578667366187342,0.0006023146420790899,0.00048011756075646845,0.00036177007287496645,0.00026384552703356373,0.0001857138428032677
0.0002604478938984802,0.00048011756075646845,0.0004115105759810959,0.00031268125737566075,0.00023106352380337176,0.00016592215977412705
0.00020093607407952255,0.00036177007287496645,0.00031268125737566075,0.0002474071906697338,0.00018526271914052383,0.00013529525048936751
0.00014429553814207096,0.00026384552703356373,0.00023106352380337176,0.00018526271914052383,0.00014015263342301754,0.0001032689348299166
9.978969786803895e-05,0.0001857138428032677,0.00016592215977412705,0.00013529525048936751,0.0001032689348299166,7.688252602228938e-05
