0,1,2,3,4,5
0.009200959820621073,0.015733457052096906,0.0121354683531153,0.008843272899758564,0.006545887207135801,0.0039086202209056824
0.015733457052096906,0.02771120843462592,0.02208995565529761,0.016367399636208813,0.012307633098344643,0.007587060173818404
0.0121354683531153,0.02208995565529761,0.018331281436501142,0.013886115710972171,0.010627143786179825,0.006816855947646178
0.008843272899758564,0.016367399636208813,0.013886115710972171,0.010660612785495021,0.00823632962215805,0.005404802388079594
0.006545887207135801,0.012307633098344643,0.010627143786179825,0.00823632962215805,0.006413618504034498,0.004273070868611465
0.0039086202209056824,0.007587060173818404,0.006816855947646178,0.005404802388079594,0.004273070868611465,0.002949495198086324
