0,1,2,3,4,5
0.0020038592047084583,0.0032228323674206275,0.0024946610539998146,0.0019007529243374641,0.0013907091381185706,0.0009635282221753288
0.0032228323674206275,0.005645901451320099,0.004620478282874582,0.0035026664114879077,0.002582123242664328,0.0018158645481467625
0.0024946610539998146,0.004620478282874582,0.003956034578936654,0.003033185900029718,0.0022614086740854566,0.0016166798301984256
0.0019007529243374641,0.0035026664114879077,0.003033185900029718,0.00238122164188471,0.0017989117884472643,0.0013023926609757575
0.0013907091381185706,0.002582123242664328,0.0022614086740854566,0.0017989117884472643,0.0013718990229566546,0.0010021926595698799
0.0009635282221753288,0.0018158645481467625,0.0016166798301984256,0.0013023926609757575,0.0010021926595698799,0.000738898374430746
