0,1,2,3,4,5
3.1609999999999997e-09,9.8e-10,9.45e-10,7.699999999999999e-10,5.949999999999999e-10,7.349999999999999e-10
9.8e-10,2.384e-09,7.56e-10,6.159999999999999e-10,4.76e-10,5.879999999999999e-10
9.45e-10,7.56e-10,2.329e-09,5.939999999999999e-10,4.5899999999999997e-10,5.669999999999999e-10
7.699999999999999e-10,6.159999999999999e-10,5.939999999999999e-10,1.928e-09,3.74e-10,4.6199999999999996e-10
5.949999999999999e-10,4.76e-10,4.5899999999999997e-10,3.74e-10,1.6579999999999999e-09,3.5699999999999996e-10
7.349999999999999e-10,5.879999999999999e-10,5.669999999999999e-10,4.6199999999999996e-10,3.5699999999999996e-10,1.81e-09
