0,1,2,3,4,5
0.008579246328434473,0.014854442625031753,0.012081987844073943,0.008883391359289824,0.006446621505369779,0.004444638030712002
0.014854442625031753,0.02630501905982448,0.0218625472365661,0.016208818749661798,0.011831459055188754,0.008200874942180742
0.012081987844073943,0.0218625472365661,0.018608165104962982,0.013984347970761242,0.010319279682255435,0.007229014988168949
0.008883391359289824,0.016208818749661798,0.013984347970761242,0.010640603384408583,0.0079379974966989,0.005622663567533596
0.006446621505369779,0.011831459055188754,0.010319279682255435,0.0079379974966989,0.005980574504653946,0.004277477978765648
0.004444638030712002,0.008200874942180742,0.007229014988168949,0.005622663567533596,0.004277477978765648,0.0030909233547458765
