0,1,2,3,4,5
0.013661377618038362,0.0236801840271805,0.019219725232269058,0.014012030391196436,0.01004864258119057,0.006814624385654783
0.0236801840271805,0.041709014792801376,0.03444020491431537,0.025347004384973823,0.018319460518284206,0.012518870058781684
0.019219725232269058,0.03444020491431537,0.029034553872589075,0.02166938892026292,0.01585293588788725,0.010968829497835193
0.014012030391196436,0.025347004384973823,0.02166938892026292,0.016364613848395635,0.012100888785382343,0.008467060094826508
0.01004864258119057,0.018319460518284206,0.01585293588788725,0.012100888785382343,0.009036646500773043,0.006387718713941833
0.006814624385654783,0.012518870058781684,0.010968829497835193,0.008467060094826508,0.006387718713941833,0.004565055231279152
