0,1,2,3,4,5
0.00032014598837900535,0.0005026739993968888,0.0003698850392576934,0.0002624698102209208,0.00018943913278408325,0.00013077944312517086
0.0005026739993968888,0.000858296315883165,0.0006821118088486559,0.0004926343401444262,0.00035963243405880314,0.00024952643478579284
0.0003698850392576934,0.0006821118088486559,0.0005837818639919942,0.00043466111101268925,0.00032399881036523865,0.00022795134011869596
0.0002624698102209208,0.0004926343401444262,0.00043466111101268925,0.0003326661935067036,0.0002530734106574505,0.00018102850886177438
0.00018943913278408325,0.00035963243405880314,0.00032399881036523865,0.0002530734106574505,0.0001956058154318928,0.000141671334837669
0.00013077944312517086,0.00024952643478579284,0.00022795134011869596,0.00018102850886177438,0.000141671334837669,0.00010387783390907268
