0,1,2,3,4,5
0.0031699147249113343,0.005302692564813277,0.004179327818160046,0.0030409261054335467,0.002208142026471536,0.0015397446530820158
0.005302692564813277,0.009262754659449132,0.007591067241619842,0.0055825517668841055,0.004079275769241584,0.002857815831481369
0.004179327818160046,0.007591067241619842,0.00646922165555885,0.004844673883243864,0.0035864623995625817,0.0025397898975162846
0.0030409261054335467,0.0055825517668841055,0.004844673883243864,0.0036904593298136396,0.002770290578128387,0.001986228056933367
0.002208142026471536,0.004079275769241584,0.0035864623995625817,0.002770290578128387,0.002104329911707702,0.0015240542002576082
0.0015397446530820158,0.002857815831481369,0.0025397898975162846,0.001986228056933367,0.0015240542002576082,0.0011150401688162263
