0,1,2,3,4,5
0.017188005577674012,0.029003986923390335,0.0230716589566407,0.016614738384678862,0.011765412278830482,0.00791079500847196
0.029003986923390335,0.049743244302589695,0.04033088451241324,0.029404482122071442,0.021063976900500055,0.0143380001881391
0.0230716589566407,0.04033088451241324,0.03350173165048712,0.0248525349069216,0.018090661642767604,0.012527324106066239
0.016614738384678862,0.029404482122071442,0.0248525349069216,0.01869421154845751,0.013783522629768718,0.009675929812971149
0.011765412278830482,0.021063976900500055,0.018090661642767604,0.013783522629768718,0.010283892970716906,0.007308609995172711
0.00791079500847196,0.0143380001881391,0.012527324106066239,0.009675929812971149,0.007308609995172711,0.005261247274297677
