0,1,2,3,4,5
0.005813537565000001,0.011594568601000003,0.011452037608000001,0.009873606369000002,0.008335304021,0.00662443232
0.011594568601000003,0.024047654883000005,0.023523003112000004,0.020327274513000003,0.017160296517,0.013669883584000002
0.011452037608000001,0.023523003112000004,0.023682376592000006,0.020169132456000004,0.017026792904000002,0.013579622912000001
0.009873606369000002,0.020327274513000003,0.020169132456000004,0.017685984771000002,0.014748216429,0.011776464576000002
0.008335304021,0.017160296517,0.017026792904000002,0.014748216429,0.012650521637999998,0.009941697983999999
0.00662443232,0.013669883584000002,0.013579622912000001,0.011776464576000002,0.009941697983999999,0.00804743424
