0,1,2,3,4,5
0.009313867021999999,0.018308587128000004,0.018324963324,0.016065048276000003,0.013444856916,0.010696385354000002
0.018308587128000004,0.037122742800000004,0.03693075984000001,0.032376296160000005,0.027095758560000002,0.021556694640000002
0.018324963324,0.03693075984000001,0.03718918170000001,0.03240525528,0.027119994480000003,0.021575976120000003
0.016065048276000003,0.032376296160000005,0.03240525528,0.028582121700000004,0.023775437519999998,0.01891513188
0.013444856916,0.027095758560000002,0.027119994480000003,0.023775437519999998,0.020140345079999997,0.015830095080000002
0.010696385354000002,0.021556694640000002,0.021575976120000003,0.01891513188,0.015830095080000002,0.012670812825000002
