0,1,2,3,4,5
0.00035487197444000003,0.0006165731236000001,0.0005648782720000001,0.0004919508188800001,0.00040918279768,0.00032227805215999996
0.0006165731236000001,0.0012224662590000002,0.0011002891200000003,0.0009534574812000002,0.0007970206762000001,0.0006309894304
0.0005648782720000001,0.0011002891200000003,0.0011013632000000005,0.0009015655040000003,0.0007569096640000001,0.000601886208
0.0004919508188800001,0.0009534574812000002,0.0009015655040000003,0.0008200733707600001,0.0006530707453600001,0.00051872852832
0.00040918279768,0.0007970206762000001,0.0007569096640000001,0.0006530707453600001,0.0005779076499600001,0.00043599093152
0.00032227805215999996,0.0006309894304,0.000601886208,0.00051872852832,0.00043599093152,0.00036614453823999993
