0,1,2,3,4,5,6
0.00576551010596806,0.005537716832594291,0.004848430399129569,0.004023341286736576,0.0031506380064456377,0.002329424204076299,0.0016416028996389235
0.005537716832594291,0.0053204976011890365,0.0046570105714021535,0.003863627584780306,0.003024557059454263,0.0022349727763586787,0.0015738128733324443
0.004848430399129569,0.0046570105714021535,0.004077259640309815,0.003383356809856706,0.002649411870744113,0.0019587666358143064,0.0013803160567492086
0.004023341286736576,0.003863627584780306,0.003383356809856706,0.002808065773462727,0.0021995142736867808,0.0016268735746803394,0.001147158825822363
0.0031506380064456377,0.003024557059454263,0.002649411870744113,0.0021995142736867808,0.0017235339531715612,0.0012756517829563558,0.0009003357306616117
0.002329424204076299,0.0022349727763586787,0.0019587666358143064,0.0016268735746803394,0.0012756517829563558,0.000945176284368497,0.000668105046187069
0.0016416028996389235,0.0015738128733324443,0.0013803160567492086,0.001147158825822363,0.0009003357306616117,0.000668105046187069,0.00047326319389070365
