0,1,2,3,4,5,6
0.0015791705137697292,0.0014970186063799668,0.0013192611895606384,0.0011097408646060735,0.0008856043942945235,0.0006680440022017963,0.0004838932445389398
0.0014970186063799668,0.0014191868137115767,0.0012506142660019175,0.001051972680455149,0.0008394787337095779,0.0006332118088623246,0.00045863050218950094
0.0013192611895606384,0.0012506142660019175,0.001102544248716176,0.0009276948883607316,0.0007405936136202244,0.0005590418044821899,0.00040528066234488515
0.0011097408646060735,0.001051972680455149,0.0009276948883607316,0.0007807324591342535,0.0006234381558479934,0.0004708473644235457,0.00034155756754270894
0.0008856043942945235,0.0008394787337095779,0.0007405936136202244,0.0006234381558479934,0.0004980104342252121,0.0003763735812810473,0.0002732512075715313
0.0006680440022017963,0.0006332118088623246,0.0005590418044821899,0.0004708473644235457,0.0003763735812810473,0.0002848135160978688,0.00020710334595227164
0.0004838932445389398,0.00045863050218950094,0.00040528066234488515,0.00034155756754270894,0.0002732512075715313,0.00020710334595227164,0.00015088446879370272
