0,1,2,3,4,5,6
0.0004994175676836792,0.0004745444163619494,0.000428046703703592,0.0003658742737574522,0.0002985620298560651,0.00023062609561117154,0.00015849413000582996
0.0004745444163619494,0.00045096487808026224,0.0004068811198414654,0.00034792664403586617,0.0002840763379369628,0.00021957332602258434,0.00015115757495926454
0.000428046703703592,0.0004068811198414654,0.0003673022697289871,0.0003143538775129703,0.0002569665649064717,0.0001988771447854773,0.00013739910722447064
0.0003658742737574522,0.00034792664403586617,0.0003143538775129703,0.00026941469295032813,0.00022064936386171144,0.0001711268043692167,0.00011890405653847083
0.0002985620298560651,0.0002840763379369628,0.0002569665649064717,0.00022064936386171144,0.0001811959781926945,0.0001409217713407461,9.865063514930343e-05
0.00023062609561117154,0.00021957332602258434,0.0001988771447854773,0.0001711268043692167,0.0001409217713407461,0.00010994361833508679,7.759282312234093e-05
0.00015849413000582996,0.00015115757495926454,0.00013739910722447064,0.00011890405653847083,9.865063514930343e-05,7.759282312234093e-05,5.5973697505354135e-05
