0,1,2,3,4,5
0.049950062499999996,0.0415479375,0.0347559375,0.028653750000000002,0.021967874999999998,0.015175874999999998
0.0415479375,0.040167062499999996,0.0320540625,0.026426250000000002,0.020260125,0.013996125
0.0347559375,0.0320540625,0.028039062500000003,0.02210625,0.016948125,0.011708125
0.028653750000000002,0.026426250000000002,0.02210625,0.019314,0.0139725,0.0096525
0.021967874999999998,0.020260125,0.016948125,0.0139725,0.01161225,0.007400249999999999
0.015175874999999998,0.013996125,0.011708125,0.0096525,0.007400249999999999,0.005688249999999999
