0,1,2,3,4,5,6,7,8
7.85740625e-06,1.3380625e-07,1.7106875000000003e-07,1.6937500000000002e-07,1.1517500000000001e-07,1.9986250000000003e-07,4.40375e-08,9.14625e-08,5.928125e-08
1.3380625e-07,6.6310625e-07,4.986875e-08,4.9375000000000004e-08,3.3575e-08,5.82625e-08,1.2837499999999998e-08,2.66625e-08,1.728125e-08
1.7106875000000003e-07,4.986875e-08,5.821562500000001e-07,6.3125e-08,4.2925e-08,7.448750000000001e-08,1.64125e-08,3.40875e-08,2.2093750000000002e-08
1.6937500000000002e-07,4.9375000000000004e-08,6.3125e-08,3.989e-07,4.2500000000000003e-08,7.375000000000001e-08,1.625e-08,3.375e-08,2.1875e-08
1.1517500000000001e-07,3.3575e-08,4.2925e-08,4.2500000000000003e-08,2.593e-07,5.015000000000001e-08,1.105e-08,2.295e-08,1.4875000000000001e-08
1.9986250000000003e-07,5.82625e-08,7.448750000000001e-08,7.375000000000001e-08,5.015000000000001e-08,4.4702499999999997e-07,1.9174999999999998e-08,3.9825e-08,2.58125e-08
4.40375e-08,1.2837499999999998e-08,1.64125e-08,1.625e-08,1.105e-08,1.9174999999999998e-08,7.182499999999998e-08,8.774999999999999e-09,5.6875e-09
9.14625e-08,2.66625e-08,3.40875e-08,3.375e-08,2.295e-08,3.9825e-08,8.774999999999999e-09,1.6262500000000002e-07,1.18125e-08
5.928125e-08,1.728125e-08,2.2093750000000002e-08,2.1875e-08,1.4875000000000001e-08,2.58125e-08,5.6875e-09,1.18125e-08,1.3015625e-07
