0,1,2,3,4,5,6
0.00164125,0.00136275,0.00120475,0.001106,0.000819625,0.000622125,0.000464125
0.00136275,0.0012152500000000002,0.00105225,0.0009660000000000001,0.0007158750000000001,0.000543375,0.00040537500000000003
0.00120475,0.00105225,0.0009462499999999999,0.000854,0.000632875,0.000480375,0.00035837499999999997
0.001106,0.0009660000000000001,0.000854,0.0008,0.000581,0.000441,0.00032900000000000003
0.000819625,0.0007158750000000001,0.000632875,0.000581,0.00043956250000000007,0.0003268125,0.00024381250000000002
0.000622125,0.000543375,0.000480375,0.000441,0.0003268125,0.0002570625,0.0001850625
0.000464125,0.00040537500000000003,0.00035837499999999997,0.00032900000000000003,0.00024381250000000002,0.0001850625,0.0001420625
