0,1,2,3,4,5,6
0.000911580625,0.000532153125,0.00041461875,0.00030830625000000003,0.00024274687499999998,0.000175415625,9.68625e-05
0.000532153125,0.000630585625,0.00039531375,0.00029395125,0.000231444375,0.000167248125,9.235250000000001e-05
0.00041461875,0.00039531375,0.0003785625,0.0002290275,0.00018032625,0.00013030875,7.1955e-05
0.00030830625000000003,0.00029395125,0.0002290275,0.00021791250000000002,0.00013408875,9.689625e-05,5.350500000000001e-05
0.00024274687499999998,0.000231444375,0.00018032625,0.00013408875,0.00014278562499999998,7.629187499999999e-05,4.21275e-05
0.000175415625,0.000167248125,0.00013030875,9.689625e-05,7.629187499999999e-05,8.4290625e-05,3.0442500000000002e-05
9.68625e-05,9.235250000000001e-05,7.1955e-05,5.350500000000001e-05,4.21275e-05,3.0442500000000002e-05,3.125e-05
