0,1,2,3,4,5,6
0.00937625,0.00845175,0.007831000000000001,0.006685000000000001,0.005276375,0.004058750000000001,0.002984375
0.00845175,0.007913249999999998,0.0072569999999999996,0.006195,0.004889625,0.0037612500000000003,0.002765625
0.007831000000000001,0.0072569999999999996,0.006788000000000001,0.005740000000000001,0.0045305,0.0034850000000000003,0.0025625
0.006685000000000001,0.006195,0.005740000000000001,0.004949000000000001,0.0038675000000000003,0.0029750000000000006,0.0021875
0.005276375,0.004889625,0.0045305,0.0038675000000000003,0.0031015625,0.0023481250000000004,0.0017265625
0.004058750000000001,0.0037612500000000003,0.0034850000000000003,0.0029750000000000006,0.0023481250000000004,0.0018422500000000004,0.001328125
0.002984375,0.002765625,0.0025625,0.0021875,0.0017265625,0.001328125,0.0010015625
