0,1,2,3,4,5,6
0.0033496359776208997,0.00080265117464385,0.0010869620730444,0.00082792688095845,0.00047440906506315004,0.0003023481621258,0.00024437942495295
0.00080265117464385,0.009092849825097025,0.0025600929197166,0.001949994207293925,0.0011173630788384752,0.0007121126011136999,0.000575580373098175
0.0010869620730444,0.0025600929197166,0.0097347283234704,0.0026407109500902,0.0015131495808954002,0.0009643533998328,0.0007794594405522001
0.00082792688095845,0.001949994207293925,0.0026407109500902,0.005647959871363225,0.001152549149599575,0.0007345372228389,0.000593705557400475
0.00047440906506315004,0.0011173630788384752,0.0015131495808954002,0.001152549149599575,0.002291163658836025,0.00042089600562030005,0.00034019827703032506
0.0003023481621258,0.0007121126011136999,0.0009643533998328,0.0007345372228389,0.00042089600562030005,0.0012732051698596003,0.0002168135716479
0.00024437942495295,0.000575580373098175,0.0007794594405522001,0.000593705557400475,0.00034019827703032506,0.0002168135716479,0.000956217151860225
