0,1,2,3,4,5,6
0.00836812170793873,0.007955254091339153,0.00718281864901666,0.006145724245952206,0.0049663821199451156,0.003783722476123202,0.002662502344824824
0.007955254091339153,0.007563170166102826,0.006829586512379789,0.005844599266202584,0.004724474859387474,0.003600829527934857,0.0025355089453637635
0.00718281864901666,0.006829586512379789,0.006168632855306072,0.005281056993491092,0.0042716171656559075,0.0032583302033451483,0.00229754027608429
0.006145724245952206,0.005844599266202584,0.005281056993491092,0.004524191337213886,0.003663633871273042,0.0027984332332845682,0.001978057099623312
0.0049663821199451156,0.004724474859387474,0.0042716171656559075,0.003663633871273042,0.0029754518918874533,0.0022785317375906967,0.0016188316608763073
0.003783722476123202,0.003600829527934857,0.0032583302033451483,0.0027984332332845682,0.0022785317375906967,0.0017499177377259974,0.001249544431899169
0.002662502344824824,0.0025355089453637635,0.00229754027608429,0.001978057099623312,0.0016188316608763073,0.001249544431899169,0.0009007591942496853
