0,1,2,3,4,5,6
0.002335086017687437,0.0022233487905427628,0.0020138876538548854,0.001732071706672138,0.001408334486062615,0.0010939300825748262,0.0007787736674414266
0.0022233487905427628,0.0021172758563659543,0.0019184090467152853,0.0016505480098255067,0.001342929433916421,0.0010436010334508652,0.0007442472221343124
0.0020138876538548854,0.0019184090467152853,0.0017393592670463416,0.0014976229123788505,0.0012201731508110817,0.0009491042075324317,0.0006793196511798668
0.001732071706672138,0.0016505480098255067,0.0014976229123788505,0.00129073443008197,0.0010533786081309705,0.0008205071898072715,0.0005897305985286186
0.001408334486062615,0.001342929433916421,0.0012201731508110817,0.0010533786081309705,0.0008622450121538178,0.00067314427737156,0.0004874135841757262
0.0010939300825748262,0.0010436010334508652,0.0009491042075324317,0.0008205071898072715,0.00067314427737156,0.0005267179964101779,0.0003833361733999581
0.0007787736674414266,0.0007442472221343124,0.0006793196511798668,0.0005897305985286186,0.0004874135841757262,0.0003833361733999581,0.00028423038857229197
