0,1,2,3,4,5,6
0.03369527218444163,0.05744012327252416,0.05408781129116017,0.04770496866446753,0.04078512843889241,0.033288379727587976,0.02621930516955772
0.05744012327252416,0.11703432513192544,0.12066855506839906,0.10724930648449693,0.08958487565775483,0.07328693182699383,0.05932645893305187
0.05408781129116017,0.12066855506839906,0.13598623928236955,0.12732338231680057,0.10731935730611022,0.0875212926330061,0.0716394361554508
0.04770496866446753,0.10724930648449693,0.12732338231680057,0.12588763759569332,0.109226340187387,0.0891840088451887,0.07305217635072037
0.04078512843889241,0.08958487565775483,0.10731935730611022,0.109226340187387,0.09717073588207861,0.0797778122123807,0.06527533757362138
0.033288379727587976,0.07328693182699383,0.0875212926330061,0.0891840088451887,0.0797778122123807,0.06582361466258677,0.053988985603398806
0.02621930516955772,0.05932645893305187,0.0716394361554508,0.07305217635072037,0.06527533757362138,0.053988985603398806,0.044472931628327925
