0,1,2,3,4,5,6
0.003703182151398004,0.003496720451391052,0.003118630409219077,0.0026295022081866916,0.002100179402582001,0.001591339234681723,0.0011471429300248036
0.003496720451391052,0.003301780562073398,0.002944789762804752,0.0024829569384729328,0.001983169641422377,0.0015027197963666725,0.0010833034772139523
0.003118630409219077,0.002944789762804752,0.002626436838339232,0.002214588538627407,0.0017688881205999967,0.0013404281317286808,0.000966390377736053
0.0026295022081866916,0.0024829569384729328,0.002214588538627407,0.0018674035604876816,0.0014916736145698332,0.0011304713031593436,0.0008151385271771578
0.002100179402582001,0.001983169641422377,0.0017688881205999967,0.0014916736145698332,0.0011916576655437278,0.0009032345025337654,0.0006514269404865563
0.001591339234681723,0.0015027197963666725,0.0013404281317286808,0.0011304713031593436,0.0009032345025337654,0.0006847698995467757,0.0004940262990596125
0.0011471429300248036,0.0010833034772139523,0.000966390377736053,0.0008151385271771578,0.0006514269404865563,0.0004940262990596125,0.0003565841630081348
