{
 "cells": [
  {
   "cell_type": "code",
   "execution_count": 1,
   "id": "a9921c00",
   "metadata": {},
   "outputs": [],
   "source": [
    "import numpy as np\n",
    "import pandas as pd\n",
    "import os\n",
    "import pathlib\n",
    "import matplotlib.pyplot as plt\n",
    "from tqdm import tqdm\n",
    "from multiprocessing import Pool\n",
    "from concurrent.futures import ProcessPoolExecutor\n",
    "import concurrent.futures\n",
    "\n",
    "import scipy.special as sp\n",
    "import yaml\n",
    "import pathlib\n",
    "from pathlib import Path\n",
    "import shutil"
   ]
  },
  {
   "cell_type": "code",
   "execution_count": 2,
   "id": "206a39a2",
   "metadata": {},
   "outputs": [],
   "source": [
    "#--------------------------------------------------------------------------------------------------------------------------\n",
    "# pdf\n",
    "#--------------------------------------------------------------------------------------------------------------------------\n",
    "\n",
    "data_name = \"Default\"\n",
    "if_diag_only = False\n",
    "\n",
    "#--------------------------------------------------------------------------------------------------------------------------\n",
    "# read path\n",
    "#--------------------------------------------------------------------------------------------------------------------------\n",
    "\n",
    "before_dir = Path(f\"{data_name}/Cutted\")\n",
    "\n",
    "#--------------------------------------------------------------------------------------------------------------------------\n",
    "# write path\n",
    "#--------------------------------------------------------------------------------------------------------------------------\n",
    "\n",
    "after_dir = Path(f\"{data_name}/Covariance_Matrices\")"
   ]
  },
  {
   "cell_type": "markdown",
   "id": "29c9cb3b",
   "metadata": {},
   "source": [
    "Auxilary Functions"
   ]
  },
  {
   "cell_type": "code",
   "execution_count": 3,
   "id": "6375f1b2",
   "metadata": {},
   "outputs": [],
   "source": [
    "def Build_Uncorrelated_Matrix(df, prefix=\"error_unc_\"):\n",
    "    cols = [col for col in df.columns if col.startswith(prefix)]\n",
    "    cols_squared_sum = (df[cols].pow(2).sum(axis=1))\n",
    "    return (np.diag(cols_squared_sum))\n",
    "\n",
    "def Build_Additive_Matrix(df, prefix=\"error_add_\"):\n",
    "    cols = [col for col in df.columns if col.startswith(prefix)]\n",
    "    Matrix_total = np.zeros((len(df), len(df)))\n",
    "    for i in range(len(cols)):\n",
    "        col = df[cols[i]]\n",
    "        Matrix = np.outer(col, col)\n",
    "        Matrix_total = Matrix_total + Matrix \n",
    "    return Matrix_total\n",
    "\n",
    "def Build_Multiplicative_Matrix(df, prefix=\"error_mult_\"):\n",
    "    cols = [col for col in df.columns if col.startswith(prefix)]\n",
    "    Matrix_total = np.zeros((len(df), len(df)))\n",
    "    for i in range(len(cols)):\n",
    "        col_xsec = df[\"xsec\"]\n",
    "        col = df[cols[i]]*col_xsec\n",
    "        Matrix = np.outer(col, col)\n",
    "        Matrix_total = Matrix_total + Matrix \n",
    "    return Matrix_total\n",
    "\n",
    "def Build_Covariance_Matrix(df):\n",
    "    Matrix_uncorrelated = Build_Uncorrelated_Matrix(df)\n",
    "    Matrix_additive = Build_Additive_Matrix(df)\n",
    "    Matrix_multiplicative = Build_Multiplicative_Matrix(df)\n",
    "    Matrix_total = Matrix_uncorrelated + Matrix_additive + Matrix_multiplicative\n",
    "\n",
    "    if if_diag_only:\n",
    "        Matrix_total = np.diag(np.diag(Matrix_total))\n",
    "\n",
    "    return Matrix_total"
   ]
  },
  {
   "cell_type": "markdown",
   "id": "8a0337ca",
   "metadata": {},
   "source": [
    "Test"
   ]
  },
  {
   "cell_type": "code",
   "execution_count": 4,
   "id": "4c4c3cf0",
   "metadata": {},
   "outputs": [
    {
     "data": {
      "text/plain": [
       "array([[0.030171233, 0.         , 0.         , 0.         , 0.         , 0.         , 0.         ],\n",
       "       [0.         , 0.03344816 , 0.         , 0.         , 0.         , 0.         , 0.         ],\n",
       "       [0.         , 0.         , 0.022511645, 0.         , 0.         , 0.         , 0.         ],\n",
       "       [0.         , 0.         , 0.         , 0.021069712, 0.         , 0.         , 0.         ],\n",
       "       [0.         , 0.         , 0.         , 0.         , 0.010684197, 0.         , 0.         ],\n",
       "       [0.         , 0.         , 0.         , 0.         , 0.         , 0.009928285, 0.         ],\n",
       "       [0.         , 0.         , 0.         , 0.         , 0.         , 0.         , 0.005660923]])"
      ]
     },
     "metadata": {},
     "output_type": "display_data"
    },
    {
     "data": {
      "text/plain": [
       "array([[0., 0., 0., 0., 0., 0., 0.],\n",
       "       [0., 0., 0., 0., 0., 0., 0.],\n",
       "       [0., 0., 0., 0., 0., 0., 0.],\n",
       "       [0., 0., 0., 0., 0., 0., 0.],\n",
       "       [0., 0., 0., 0., 0., 0., 0.],\n",
       "       [0., 0., 0., 0., 0., 0., 0.],\n",
       "       [0., 0., 0., 0., 0., 0., 0.]])"
      ]
     },
     "metadata": {},
     "output_type": "display_data"
    },
    {
     "data": {
      "text/plain": [
       "array([[0.013865062, 0.017185612, 0.014571562, 0.014218312, 0.010049962, 0.009484762, 0.00685305 ],\n",
       "       [0.017185612, 0.021301403, 0.018061312, 0.017623462, 0.012456832, 0.011756272, 0.00849429 ],\n",
       "       [0.014571562, 0.018061312, 0.015314062, 0.014942812, 0.010562062, 0.009968062, 0.00720225 ],\n",
       "       [0.014218312, 0.017623462, 0.014942812, 0.014580562, 0.010306012, 0.009726412, 0.00702765 ],\n",
       "       [0.010049962, 0.012456832, 0.010562062, 0.010306012, 0.007284622, 0.006874942, 0.00496737 ],\n",
       "       [0.009484762, 0.011756272, 0.009968062, 0.009726412, 0.006874942, 0.006488302, 0.00468801 ],\n",
       "       [0.00685305 , 0.00849429 , 0.00720225 , 0.00702765 , 0.00496737 , 0.00468801 , 0.00338724 ]])"
      ]
     },
     "metadata": {},
     "output_type": "display_data"
    },
    {
     "data": {
      "text/plain": [
       "array([[0.044036295, 0.017185612, 0.014571562, 0.014218312, 0.010049962, 0.009484762, 0.00685305 ],\n",
       "       [0.017185612, 0.054749562, 0.018061312, 0.017623462, 0.012456832, 0.011756272, 0.00849429 ],\n",
       "       [0.014571562, 0.018061312, 0.037825707, 0.014942812, 0.010562062, 0.009968062, 0.00720225 ],\n",
       "       [0.014218312, 0.017623462, 0.014942812, 0.035650274, 0.010306012, 0.009726412, 0.00702765 ],\n",
       "       [0.010049962, 0.012456832, 0.010562062, 0.010306012, 0.017968819, 0.006874942, 0.00496737 ],\n",
       "       [0.009484762, 0.011756272, 0.009968062, 0.009726412, 0.006874942, 0.016416587, 0.00468801 ],\n",
       "       [0.00685305 , 0.00849429 , 0.00720225 , 0.00702765 , 0.00496737 , 0.00468801 , 0.009048163]])"
      ]
     },
     "metadata": {},
     "output_type": "display_data"
    }
   ],
   "source": [
    "np.set_printoptions(precision=9, suppress=True, linewidth=300)\n",
    "df = pd.read_csv(before_dir / \"DY/E605/E605-7Q8.csv\")\n",
    "display(Build_Uncorrelated_Matrix(df))\n",
    "display(Build_Additive_Matrix(df))\n",
    "display(Build_Multiplicative_Matrix(df))\n",
    "display(Build_Covariance_Matrix(df))"
   ]
  },
  {
   "cell_type": "markdown",
   "id": "69daecdf",
   "metadata": {},
   "source": [
    "DY"
   ]
  },
  {
   "cell_type": "code",
   "execution_count": 5,
   "id": "3ce64521",
   "metadata": {},
   "outputs": [],
   "source": [
    "experiments =[\n",
    "    'ATLAS_7',\n",
    "    'ATLAS_8', \n",
    "    'ATLAS_13', \n",
    "    'CDF_I',\n",
    "    'CDF_II',\n",
    "    'CMS_7',\n",
    "    'CMS_8',\n",
    "    'CMS_13',    \n",
    "    'D0_I',\n",
    "    'D0_II',\n",
    "    'D0_II_mu',\n",
    "    'E288',\n",
    "    'E605',\n",
    "    'E772',\n",
    "    'LHCb_7',\n",
    "    'LHCb_8',\n",
    "    'LHCb_13',    \n",
    "    'PHENIX',\n",
    "    'STAR'\n",
    "]\n",
    "excludes = []"
   ]
  },
  {
   "cell_type": "code",
   "execution_count": 6,
   "id": "1b4296af",
   "metadata": {},
   "outputs": [],
   "source": [
    "processes = [\"DY\",\"SIDIS\"]\n",
    "\n",
    "for process in processes:\n",
    "    process_dir = after_dir / process\n",
    "    if process_dir.exists():\n",
    "        shutil.rmtree(process_dir) \n",
    "    process_dir.mkdir(parents=True, exist_ok=True)"
   ]
  },
  {
   "cell_type": "code",
   "execution_count": 7,
   "id": "0128ac8a",
   "metadata": {},
   "outputs": [
    {
     "name": "stdout",
     "output_type": "stream",
     "text": [
      "ATLAS7-00y10 generated\n",
      "ATLAS7-10y20 generated\n",
      "ATLAS7-20y24 generated\n",
      "ATLAS8-00y04 generated\n",
      "ATLAS8-04y08 generated\n",
      "ATLAS8-08y12 generated\n",
      "ATLAS8-116Q150 generated\n",
      "ATLAS8-12y16 generated\n",
      "ATLAS8-16y20 generated\n",
      "ATLAS8-20y24 generated\n",
      "ATLAS8-46Q66 generated\n",
      "ATLAS13 generated\n",
      "CDF1 generated\n",
      "CDF2 generated\n",
      "CMS7 generated\n",
      "CMS8 generated\n",
      "CMS13-00y04 generated\n",
      "CMS13-04y08 generated\n",
      "CMS13-08y12 generated\n",
      "CMS13-106Q170 generated\n",
      "CMS13-12y16 generated\n",
      "CMS13-16y24 generated\n",
      "CMS13-170Q350 generated\n",
      "CMS13-350Q1000 generated\n",
      "D01 generated\n",
      "D02 generated\n",
      "D02mu generated\n",
      "E228-200-4Q5 generated\n",
      "E228-200-5Q6 generated\n",
      "E228-200-6Q7 generated\n",
      "E228-200-7Q8 generated\n",
      "E228-200-8Q9 generated\n",
      "E228-300-11Q12 generated\n",
      "E228-300-4Q5 generated\n",
      "E228-300-5Q6 generated\n",
      "E228-300-6Q7 generated\n",
      "E228-300-7Q8 generated\n",
      "E228-300-8Q9 generated\n",
      "E228-400-11Q12 generated\n",
      "E228-400-12Q13 generated\n",
      "E228-400-13Q14 generated\n",
      "E228-400-5Q6 generated\n",
      "E228-400-6Q7 generated\n",
      "E228-400-7Q8 generated\n",
      "E228-400-8Q9 generated\n",
      "E605-10.5Q11.5 generated\n",
      "E605-11.5Q13.5 generated\n",
      "E605-13.5Q18 generated\n",
      "E605-7Q8 generated\n",
      "E605-8Q9 generated\n",
      "E772-11Q12 generated\n",
      "E772-12Q13 generated\n",
      "E772-13Q14 generated\n",
      "E772-14Q15 generated\n",
      "E772-5Q6 generated\n",
      "E772-6Q7 generated\n",
      "E772-7Q8 generated\n",
      "E772-8Q9 generated\n",
      "LHCb7 generated\n",
      "LHCb8 generated\n",
      "LHCb13 generated\n",
      "PHENIX200 generated\n",
      "STAR510 generated\n"
     ]
    }
   ],
   "source": [
    "for experiment in experiments:\n",
    "\n",
    "    exp_dir = before_dir / \"DY\" / experiment\n",
    "    file_names = [file.stem for file in sorted(exp_dir.glob(\"*.csv\"))]\n",
    "    file_paths = [exp_dir / f\"{name}.csv\" for name in file_names] \n",
    "\n",
    "    save_dir = Path(after_dir) / \"DY\" / experiment\n",
    "    save_dir.mkdir(parents=True, exist_ok=True)\n",
    "\n",
    "    for file_name in (f for f in file_names if f not in excludes):\n",
    "\n",
    "        file_path = exp_dir / f\"{file_name}.csv\"\n",
    "\n",
    "        df = pd.read_csv(file_path)\n",
    "        \n",
    "        Matrix = Build_Covariance_Matrix(df)\n",
    "\n",
    "        destination = after_dir / \"DY\" / experiment / f\"{file_name}.csv\"\n",
    "        if destination.exists():\n",
    "            raise FileExistsError(f\"{file_name} already exists\")\n",
    "        pd.DataFrame(Matrix).to_csv(destination, index=False)\n",
    "        \n",
    "        print(f\"{file_name} generated\")"
   ]
  }
 ],
 "metadata": {
  "kernelspec": {
   "display_name": "pyjulia-shared",
   "language": "python",
   "name": "python3"
  },
  "language_info": {
   "codemirror_mode": {
    "name": "ipython",
    "version": 3
   },
   "file_extension": ".py",
   "mimetype": "text/x-python",
   "name": "python",
   "nbconvert_exporter": "python",
   "pygments_lexer": "ipython3",
   "version": "3.10.17"
  }
 },
 "nbformat": 4,
 "nbformat_minor": 5
}
