0,1,2,3,4,5
0.0018149812466494747,0.0016780531708435933,0.0014311603432159547,0.0011129099105693207,0.0007981331232115818,0.0005015706079645929
0.0016780531708435933,0.0015517266585773361,0.0013239117455326683,0.001029907341804915,0.0007390555129231564,0.00046507155398153166
0.0014311603432159547,0.0013239117455326683,0.0011304337636923005,0.0008801358497517847,0.0006324074239028063,0.0003991112284937839
0.0011129099105693207,0.001029907341804915,0.0008801358497517847,0.000687682368389307,0.0004960435401780044,0.0003152083578533643
0.0007981331232115818,0.0007390555129231564,0.0006324074239028063,0.0004960435401780044,0.0003594393674039509,0.00023027950486560934
0.0005015706079645929,0.00046507155398153166,0.0003991112284937839,0.0003152083578533643,0.00023027950486560934,0.00014980157507678185
