0,1,2,3,4,5,6
0.00041985425876779175,0.000830727192237275,0.0007751511384000477,0.0005951170365905333,0.000356660364036873,0.00018458806800344162,0.00010193572621387143
0.000830727192237275,0.0016461299049482822,0.001539421988671271,0.0011845849465263964,0.0007123411334865984,0.0003703317793464114,0.00020530370808070566
0.0007751511384000477,0.001539421988671271,0.0014444144700076472,0.001115262835076626,0.0006740218493547811,0.00035273019998036695,0.0001966502654520236
0.0005951170365905333,0.0011845849465263964,0.001115262835076626,0.0008641163248664281,0.0005249020654363378,0.00027651955684231984,0.00015502781479487
0.000356660364036873,0.0007123411334865984,0.0006740218493547811,0.0005249020654363378,0.00032120986812879865,0.00017082669395843613,9.653267402070821e-05
0.00018458806800344162,0.0003703317793464114,0.00035273019998036695,0.00027651955684231984,0.00017082669395843613,9.194392396827393e-05,5.246874435348762e-05
0.00010193572621387143,0.00020530370808070566,0.0001966502654520236,0.00015502781479487,9.653267402070821e-05,5.246874435348762e-05,3.017963694428218e-05
