0,1,2,3,4,5,6
0.010474906922878812,0.018696960812871786,0.018986853988566612,0.017365403173621386,0.014930658159977413,0.012624806313827576,0.009998696781959918
0.018696960812871786,0.03363940581141739,0.03432430969979596,0.03150053866717929,0.027156974201547075,0.022963551477131944,0.018230735833346796
0.018986853988566612,0.03432430969979596,0.03513299563517144,0.03232105530813175,0.027922315153992634,0.023619595166273547,0.01878953374350819
0.017365403173621386,0.03150053866717929,0.03232105530813175,0.029793499564938503,0.025785129798454494,0.02182279455607123,0.01739199693666179
0.014930658159977413,0.027156974201547075,0.027922315153992634,0.025785129798454494,0.022354526216035394,0.018931103946502673,0.015114510880615765
0.012624806313827576,0.022963551477131944,0.023619595166273547,0.02182279455607123,0.018931103946502673,0.016039528983819953,0.012814894328162402
0.009998696781959918,0.018230735833346796,0.01878953374350819,0.01739199693666179,0.015114510880615765,0.012814894328162402,0.01026124867863946
