0,1,2,3,4,5,6
0.00774539296393464,0.007263991169475378,0.006405283856117614,0.005372923878746085,0.004297317798991987,0.0033207400667159413,0.002519639103516062
0.007263991169475378,0.006812541399413737,0.006007304653355162,0.005039149597553677,0.004030431728974572,0.0031146014600024856,0.002363325023036492
0.006405283856117614,0.006007304653355162,0.005297604287590953,0.004444019574673394,0.003554652391979188,0.0027472480642878857,0.0020848903010861905
0.005372923878746085,0.005039149597553677,0.004444019574673394,0.0037280946502300434,0.0029821433329927957,0.002304969426289873,0.0017494323390714625
0.004297317798991987,0.004030431728974572,0.003554652391979188,0.0029821433329927957,0.0023856099003093665,0.0018441120497489569,0.0013998640583301725
0.0033207400667159413,0.0031146014600024856,0.0027472480642878857,0.002304969426289873,0.0018441120497489569,0.0014258259116504944,0.0010826384763118508
0.002519639103516062,0.002363325023036492,0.0020848903010861905,0.0017494323390714625,0.0013998640583301725,0.0010826384763118508,0.0008223446807037459
