0,1,2,3,4,5,6
0.002212679433691441,0.0020850487033335975,0.0018560720242796738,0.0015689212271629534,0.001276928842737764,0.0010045421977542127,0.0007730606362452887
0.0020850487033335975,0.0019647874396231473,0.001749031720576659,0.0014784659318262865,0.00120333115261276,0.0009466626163337902,0.0007285423223682354
0.0018560720242796738,0.001749031720576659,0.0015569946599346884,0.0013161824825510208,0.001071290643958512,0.0008428210730559156,0.0006486713187963412
0.0015689212271629534,0.0014784659318262865,0.0013161824825510208,0.0011126997537908238,0.0009057443041524546,0.0007126401860229414,0.0005485566820085625
0.001276928842737764,0.00120333115261276,0.001071290643958512,0.0009057443041524546,0.0007373513475297032,0.0005802053105889808,0.0004466870020615246
0.0010045421977542127,0.0009466626163337902,0.0008428210730559156,0.0007126401860229414,0.0005802053105889808,0.00045659889947614874,0.00035158483708173883
0.0007730606362452887,0.0007285423223682354,0.0006486713187963412,0.0005485566820085625,0.0004466870020615246,0.00035158483708173883,0.0002707984881542493
