0,1,2,3,4,5,6
0.0018038879017882043,0.0027197083864546508,0.0022785433372969474,0.0017427616597480338,0.0013250732285933222,0.0010204839021004015,0.0007172151464796438
0.0027197083864546508,0.004473743318716541,0.0040416898650993205,0.003299322072211612,0.0026371944194839795,0.002099270454985465,0.001551689549742785
0.0022785433372969474,0.0040416898650993205,0.0038649391636299663,0.003296511129535661,0.002717183836227313,0.0022044775207521843,0.0016741569972060332
0.0017427616597480338,0.003299322072211612,0.003296511129535661,0.0029014430329125846,0.0024420526708106753,0.0020060509025314976,0.0015493468175653692
0.0013250732285933222,0.0026371944194839795,0.002717183836227313,0.0024420526708106753,0.002083502557732607,0.0017252057029057517,0.0013463790906465395
0.0010204839021004015,0.002099270454985465,0.0022044775207521843,0.0020060509025314976,0.0017252057029057517,0.001435409485746357,0.0011270597021608216
0.0007172151464796438,0.001551689549742785,0.0016741569972060332,0.0015493468175653692,0.0013463790906465395,0.0011270597021608216,0.0008923292418181357
