0,1,2,3,4,5,6
0.0013807570765260503,0.0013165479422988838,0.001198892500247727,0.0010473618629223843,0.000881215247271137,0.0007205739151273515,0.0005769177986058195
0.0013165479422988838,0.001255342981794144,0.001143180237738901,0.0009987217307268047,0.0008403353331276714,0.0006871894560044567,0.0005502179194619965
0.001198892500247727,0.001143180237738901,0.0010410809643549334,0.0009095859578122917,0.0007654215910045721,0.000626017879858074,0.0005012985796222724
0.0010473618629223843,0.0009987217307268047,0.0009095859578122917,0.0007947934733842095,0.000668953564676189,0.0005472561319796567,0.0004383191490632715
0.000881215247271137,0.0008403353331276714,0.0007654215910045721,0.000668953564676189,0.0005632205354922732,0.00046094769901969935,0.00036931734403364264
0.0007205739151273515,0.0006871894560044567,0.000626017879858074,0.0005472561319796567,0.00046094769901969935,0.00037744669095592077,0.0003025472397003569
0.0005769177986058195,0.0005502179194619965,0.0005012985796222724,0.0004383191490632715,0.00036931734403364264,0.0003025472397003569,0.0002425994925106761
