0,1,2,3,4,5
0.00013840481388953865,0.00020591904885542602,0.00013709583343839672,9.013196900887562e-05,6.511124736631591e-05,3.722501239676081e-05
0.00020591904885542602,0.00032390089743771703,0.00023147705503291812,0.00015922332262776752,0.00011878104018853815,7.248587523057112e-05
0.00013709583343839672,0.00023147705503291812,0.00018026169058080006,0.00013079284256834945,0.00010080629686568554,6.577162392312853e-05
9.013196900887562e-05,0.00015922332262776752,0.00013079284256834945,9.815032377677483e-05,7.703571124005726e-05,5.2235692619735386e-05
6.511124736631591e-05,0.00011878104018853815,0.00010080629686568554,7.703571124005726e-05,6.116511217655804e-05,4.222536537809112e-05
3.722501239676081e-05,7.248587523057112e-05,6.577162392312853e-05,5.2235692619735386e-05,4.222536537809112e-05,3.0355487664067243e-05
