0,1,2,3,4,5
0.0002859265159558178,0.0004359982865285914,0.0002894984884489167,0.00019168871638672514,0.00012930430150480168,7.102082885741069e-05
0.0004359982865285914,0.0006919146154282557,0.00048779494791593146,0.000336743040758824,0.0002354265516698478,0.00014033895717579113
0.0002894984884489167,0.00048779494791593146,0.0003742327541666413,0.00027290726372881214,0.00019956220089697988,0.0001300058012496416
0.00019168871638672514,0.000336743040758824,0.00027290726372881214,0.0002058433664871009,0.00015462920574464976,0.00010551472343975541
0.00012930430150480168,0.0002354265516698478,0.00019956220089697988,0.00015462920574464976,0.00011873952399864405,8.37679118794601e-05
7.102082885741069e-05,0.00014033895717579113,0.0001300058012496416,0.00010551472343975541,8.37679118794601e-05,6.217608979934994e-05
