0,1,2,3,4,5
0.00019887012604574345,0.0003080000261241288,0.00021350280134861753,0.00014188840749184125,9.808888209045366e-05,6.086403254461415e-05
0.0003080000261241288,0.000498693881591605,0.00036706360948152226,0.00025446436489052836,0.0001809892658729471,0.00011782303540872135
0.00021350280134861753,0.00036706360948152226,0.0002917133645252361,0.00021297065437127146,0.00015683558496771465,0.00010749382737027073
0.00014188840749184125,0.00025446436489052836,0.00021297065437127146,0.00016092735423745951,0.0001213874507600459,8.578976072104182e-05
9.808888209045366e-05,0.0001809892658729471,0.00015683558496771465,0.0001213874507600459,9.340767980135369e-05,6.729505631029194e-05
6.086403254461415e-05,0.00011782303540872135,0.00010749382737027073,8.578976072104182e-05,6.729505631029194e-05,4.974505029994117e-05
