0,1,2,3,4,5,6
0.03407863874475346,0.05789613455003525,0.054702335564686795,0.048102160892554056,0.04149114650160008,0.0337980940708663,0.026695197022047305
0.05789613455003525,0.1175767466854594,0.12139952648855765,0.10772176327676358,0.09042467816546279,0.07389323272255194,0.059892528262193115
0.054702335564686795,0.12139952648855765,0.13697130194001575,0.12796006869136795,0.10845108156690444,0.08833834834139766,0.0724022754982733
0.048102160892554056,0.10772176327676358,0.12796006869136795,0.12629915409813428,0.10995781996790856,0.08971210544164122,0.07354523068771009
0.04149114650160008,0.09042467816546279,0.10845108156690444,0.10995781996790856,0.09847095754059787,0.08071651571558389,0.06615175267743163
0.0337980940708663,0.07389323272255194,0.08833834834139766,0.08971210544164122,0.08071651571558389,0.06650131777663072,0.0546217192014099
0.026695197022047305,0.059892528262193115,0.0724022754982733,0.07354523068771009,0.06615175267743163,0.0546217192014099,0.04506367969743897
