0,1,2,3,4,5,6
0.020936060853503056,0.02866830809908498,0.0220727733416795,0.015366030046454872,0.01112272532646927,0.008231421932956208,0.005715684555133119
0.02866830809908498,0.04129724487983051,0.033695290879967386,0.024991200588370267,0.018828849871345203,0.01427899338850281,0.010632335223852348
0.0220727733416795,0.033695290879967386,0.029181209560828626,0.022941138902040074,0.017880859262744565,0.013836983630315727,0.010842505877832424
0.015366030046454872,0.024991200588370267,0.022941138902040074,0.01898897775306561,0.015225276155414325,0.01198404488841318,0.009750251011182026
0.01112272532646927,0.018828849871345203,0.017880859262744565,0.015225276155414325,0.01239879363088699,0.009857543512103006,0.008168001105484825
0.008231421932956208,0.01427899338850281,0.013836983630315727,0.01198404488841318,0.009857543512103006,0.007895837779784916,0.006612224388261531
0.005715684555133119,0.010632335223852348,0.010842505877832424,0.009750251011182026,0.008168001105484825,0.006612224388261531,0.005664574178515638
