0,1,2,3,4,5
0.0011075448499952496,0.0010455704659497241,0.0009305805998015436,0.0007837738858105897,0.0006092316416542053,0.00044293424156943446
0.0010455704659497241,0.0009873889601680346,0.0008794056949379029,0.0007416269256369792,0.000577378938583045,0.00042087403094919477
0.0009305805998015436,0.0008794056949379029,0.000784368458321441,0.0006632635722532773,0.0005180659058866651,0.00037968435509695925
0.0007837738858105897,0.0007416269256369792,0.0006632635722532773,0.0005636711098940108,0.0004429139259171786,0.00032779653875870767
0.0006092316416542053,0.000577378938583045,0.0005180659058866651,0.0004429139259171786,0.00035053501906335714,0.00026241554041030624
0.00044293424156943446,0.00042087403094919477,0.00037968435509695925,0.00032779653875870767,0.00026241554041030624,0.0001999975635576021
