0,1,2,3,4,5
0.0008233683276617999,0.0007778120612577233,0.0006932154870483634,0.0005858080253695405,0.00045638454549185996,0.0003331153761962057
0.0007778120612577233,0.0007349570240737981,0.0006553567075384065,0.0005543290479184627,0.0004323442502356057,0.000316138684187707
0.0006932154870483634,0.0006553567075384065,0.0005849996421540512,0.0004957709080340522,0.000387569427650043,0.0002844542252550382
0.0005858080253695405,0.0005543290479184627,0.0004957709080340522,0.00042162148750046486,0.0003309623855314663,0.00024451452708329767
0.00045638454549185996,0.0004323442502356057,0.000387569427650043,0.0003309623855314663,0.0002610925433312861,0.00019439890504005042
0.0003331153761962057,0.000316138684187707,0.0002844542252550382,0.00024451452708329767,0.00019439890504005042,0.00014648949888255807
