0,1,2,3,4,5,6
0.00026166269957722066,0.00024924557988430154,0.00022597856183151176,0.00019722747614043452,0.00015827622329245744,0.00012284003205150317,8.974324434892712e-05
0.00024924557988430154,0.00023745928748846425,0.00021536987085549872,0.0001880686401207253,0.00015106790506762478,0.00011736338992540057,8.587110429277421e-05
0.00022597856183151176,0.00021536987085549872,0.00019547919751308827,0.00017088542300342074,0.0001375290272687602,0.00010706386248640227,7.857456711687882e-05
0.00019722747614043452,0.0001880686401207253,0.00017088542300342074,0.0001496318644361359,0.00012075290793787229,9.42880669925301e-05,6.950119575192232e-05
0.00015827622329245744,0.00015106790506762478,0.0001375290272687602,0.00012075290793787229,9.795334020129655e-05,7.687700392064353e-05,5.7107148491558995e-05
0.00012284003205150317,0.00011736338992540057,0.00010706386248640227,9.42880669925301e-05,7.687700392064353e-05,6.066344055484325e-05,4.541615222410706e-05
8.974324434892712e-05,8.587110429277421e-05,7.857456711687882e-05,6.950119575192232e-05,5.7107148491558995e-05,4.541615222410706e-05,3.443084176726678e-05
