0,1,2,3,4,5,6
0.007620488653913271,0.009605219169832669,0.0063420663911805735,0.0042968947020192785,0.0033188768870992496,0.0025686779298580917,0.0016926246985077226
0.009605219169832669,0.016123121296036266,0.013162471182647273,0.00943666761548868,0.006907906001932006,0.005465743128106874,0.004158986324206322
0.0063420663911805735,0.013162471182647273,0.012801480053274849,0.01008503033416862,0.007427956132657411,0.005793920091243553,0.004627503374388352
0.0042968947020192785,0.00943666761548868,0.01008503033416862,0.008790710312180523,0.006950911941647507,0.005417766072533999,0.004333997764971155
0.0033188768870992496,0.006907906001932006,0.007427956132657411,0.006950911941647507,0.005953189552174723,0.004718936406708238,0.0037437723847883846
0.0025686779298580917,0.005465743128106874,0.005793920091243553,0.005417766072533999,0.004718936406708238,0.003806367604183572,0.003044195584009452
0.0016926246985077226,0.004158986324206322,0.004627503374388352,0.004333997764971155,0.0037437723847883846,0.003044195584009452,0.0024800421777248635
