0,1,2,3,4,5,6
0.00012423391033826396,0.00016484416230329635,0.00012990676640404017,9.10553813347165e-05,5.8776520841731216e-05,3.662249925597766e-05,2.550077126751205e-05
0.00016484416230329635,0.0002361224465744286,0.00019884887992128203,0.00014966041947857438,0.00010507520842942748,7.086593260397071e-05,5.2918469590841056e-05
0.00012990676640404017,0.00019884887992128203,0.0001763422369456689,0.00013954369835374094,0.00010328298532768455,7.286846438893355e-05,5.634385247473611e-05
9.10553813347165e-05,0.00014966041947857438,0.00013954369835374094,0.00011549274625505585,8.92872848908277e-05,6.524903380676338e-05,5.1722183517533835e-05
5.8776520841731216e-05,0.00010507520842942748,0.00010328298532768455,8.92872848908277e-05,7.180475382119293e-05,5.410210740221073e-05,4.374439228817505e-05
3.662249925597766e-05,7.086593260397071e-05,7.286846438893355e-05,6.524903380676338e-05,5.410210740221073e-05,4.178303621626074e-05,3.427085372998655e-05
2.550077126751205e-05,5.2918469590841056e-05,5.634385247473611e-05,5.1722183517533835e-05,4.374439228817505e-05,3.427085372998655e-05,2.8409205274808282e-05
