0,1,2,3,4,5
0.014577324300617304,0.02517424496720605,0.020184213096583043,0.014777017744874598,0.010795357592832896,0.007225076424612018
0.02517424496720605,0.044316981153875425,0.03620191026687379,0.026756469438130214,0.019724853350483098,0.013342433835503114
0.020184213096583043,0.03620191026687379,0.03025378165077973,0.022696970993382068,0.01695049152482777,0.011663940488423487
0.014777017744874598,0.026756469438130214,0.022696970993382068,0.017236904195487485,0.013003395948167637,0.009072985446751402
0.010795357592832896,0.019724853350483098,0.01695049152482777,0.013003395948167637,0.009894275746571674,0.006980428188910209
0.007225076424612018,0.013342433835503114,0.011663940488423487,0.009072985446751402,0.006980428188910209,0.00500683899652213
