0,1,2,3,4,5
0.0030368488458626277,0.0049842963603284355,0.0038791660715727424,0.002878236464915879,0.002135046892166794,0.0014698575429473297
0.0049842963603284355,0.008747268776182825,0.007127477129931444,0.005289598189351351,0.003965355781211792,0.0027482275713952065
0.0038791660715727424,0.007127477129931444,0.006041020429280323,0.00454273450442408,0.003442143518483265,0.002417919548738227
0.002878236464915879,0.005289598189351351,0.00454273450442408,0.0034958634503323726,0.002677052921356263,0.0019115999931759598
0.002135046892166794,0.003965355781211792,0.003442143518483265,0.002677052921356263,0.0020665455302717323,0.0014867310076279408
0.0014698575429473297,0.0027482275713952065,0.002417919548738227,0.0019115999931759598,0.0014867310076279408,0.0010833662954043966
