0,1,2,3,4,5
0.00030916437953173125,0.00047082296001710154,0.00034102292396662084,0.0002509469783100204,0.00018383590662281315,0.00012423452781650283
0.00047082296001710154,0.000816113756047887,0.0006464661048653882,0.0004720624205870192,0.00035376882089379876,0.00024135445077843988
0.00034102292396662084,0.0006464661048653882,0.000553846669524652,0.00041260573799041907,0.00031324194689747847,0.000218069920138058
0.0002509469783100204,0.0004720624205870192,0.00041260573799041907,0.0003202860360955613,0.00024601824838924816,0.00017570339275218072
0.00018383590662281315,0.00035376882089379876,0.00031324194689747847,0.00024601824838924816,0.0001913175794053167,0.0001380291403075075
0.00012423452781650283,0.00024135445077843988,0.000218069920138058,0.00017570339275218072,0.0001380291403075075,0.0001012982678748036
