0,1,2,3,4,5
0.015441305672000938,0.026641225944821118,0.021315427421564163,0.01548171302986778,0.011267560043575648,0.007472928905814621
0.026641225944821118,0.046871062305681464,0.038258973535225234,0.028046161394276254,0.020647153501491506,0.01388739532676666
0.021315427421564163,0.038258973535225234,0.03202930086334509,0.023832698567005817,0.017816395184105955,0.012229445678620452
0.01548171302986778,0.028046161394276254,0.023832698567005817,0.018002019972544005,0.013576049325815428,0.009437711349871808
0.011267560043575648,0.020647153501491506,0.017816395184105955,0.013576049325815428,0.010345965588462168,0.007287297916423038
0.007472928905814621,0.01388739532676666,0.012229445678620452,0.009437711349871808,0.007287297916423038,0.005223878296684152
