0,1,2,3,4,5,6
0.03826933219854511,0.057667872564927794,0.04957942405051776,0.043750240184489336,0.03913782396136876,0.032382322338959886,0.024601873372903323
0.057667872564927794,0.09926764416976405,0.09268564730696686,0.08158865463768593,0.07064290869843624,0.05847726980809084,0.045339952916843236
0.04957942405051776,0.09268564730696686,0.09465801808552618,0.08701756081056368,0.07507161445878384,0.061886465359432916,0.04889436242211063
0.043750240184489336,0.08158865463768593,0.08701756081056368,0.08437958172211983,0.07489638378284219,0.0618109691370834,0.04925493417675885
0.03913782396136876,0.07064290869843624,0.07507161445878384,0.07489638378284219,0.06838825058478151,0.056758793824289784,0.045303801153277735
0.032382322338959886,0.05847726980809084,0.061886465359432916,0.0618109691370834,0.056758793824289784,0.04731127141238372,0.037838650141055884
0.024601873372903323,0.045339952916843236,0.04889436242211063,0.04925493417675885,0.045303801153277735,0.037838650141055884,0.030433370066169453
