0,1,2,3,4,5
0.0045923461119382215,0.007981256230463425,0.006843312164360346,0.0050446845781955685,0.0036807266740891556,0.002477135484402149
0.007981256230463425,0.014333081272684175,0.012592621317078721,0.00941190984911077,0.006927182133533512,0.004710559428662412
0.006843312164360346,0.012592621317078721,0.011312622444874253,0.008596480607197029,0.0064080945421760745,0.004420192355318203
0.0050446845781955685,0.00941190984911077,0.008596480607197029,0.0066320271237507306,0.005007336984769722,0.003502373259362844
0.0036807266740891556,0.006927182133533512,0.0064080945421760745,0.005007336984769722,0.0038231828426722675,0.00270623544743811
0.002477135484402149,0.004710559428662412,0.004420192355318203,0.003502373259362844,0.00270623544743811,0.0019401019917664854
