0,1,2,3,4,5
0.007318706593154683,0.012793641996739422,0.010866955233662896,0.00769357957944573,0.005528466349424512,0.003640231061516561
0.012793641996739422,0.022893034792675324,0.01987349945781077,0.014340671160286207,0.010427587537602976,0.006982554340145744
0.010866955233662896,0.01987349945781077,0.017646005873854783,0.013010564337276816,0.009597012677499388,0.00654804972933554
0.00769357957944573,0.014340671160286207,0.013010564337276816,0.009802508451597471,0.007338874687709804,0.005099810670688714
0.005528466349424512,0.010427587537602976,0.009597012677499388,0.007338874687709804,0.005552410007334243,0.003906686702409456
0.003640231061516561,0.006982554340145744,0.00654804972933554,0.005099810670688714,0.003906686702409456,0.0027891924926428803
