0,1,2,3,4,5
0.0002190668252435083,0.0003378169381246088,0.0002704983782042801,0.0001953134861648524,0.00014818495194203265,9.910777785362542e-05
0.0003378169381246088,0.0005721169762706444,0.0004865607833746823,0.0003590303883976511,0.0002766766770561902,0.00018440542459477924
0.0002704983782042801,0.0004865607833746823,0.0004335348256120855,0.00032847139105647224,0.00025689216693165626,0.00017336173509729426
0.0001953134861648524,0.0003590303883976511,0.00032847139105647224,0.0002545975260044343,0.0002014556820298694,0.00013849984293530239
0.00014818495194203265,0.0002766766770561902,0.00025689216693165626,0.0002014556820298694,0.00016049508084870246,0.00011134917958171532
9.910777785362542e-05,0.00018440542459477924,0.00017336173509729426,0.00013849984293530239,0.00011134917958171532,7.882351457512062e-05
