0,1,2,3,4,5
0.0018408914221179644,0.0030525319689563824,0.002559480609046523,0.0018598953854534715,0.0013940481842432337,0.0009569531636558077
0.0030525319689563824,0.005374240949429039,0.004684162995799435,0.003463371611800651,0.0026061503182548767,0.001800639278908273
0.002559480609046523,0.004684162995799435,0.004210073609129593,0.0031776201955495526,0.0024143280957119617,0.001688444293372223
0.0018598953854534715,0.003463371611800651,0.0031776201955495526,0.00244603277933783,0.0018809661913645182,0.0013341852840532001
0.0013940481842432337,0.0026061503182548767,0.0024143280957119617,0.0018809661913645182,0.0014584992816813517,0.0010443912769301583
0.0009569531636558077,0.001800639278908273,0.001688444293372223,0.0013341852840532001,0.0010443912769301583,0.0007562617456961557
