0,1,2,3,4,5
0.009568365180771912,0.016344908087084702,0.013498836969838956,0.009285696365783847,0.0064575993429652635,0.004095308293454351
0.016344908087084702,0.02861806751755593,0.024265002279538088,0.017134118632479364,0.012161696770835171,0.00794173049008419
0.013498836969838956,0.024265002279538088,0.021171003155590378,0.015376721204333348,0.011153595462161513,0.007499089392644963
0.009285696365783847,0.017134118632479364,0.015376721204333348,0.011476194865012041,0.008496789798891572,0.005863990900322706
0.0064575993429652635,0.012161696770835171,0.011153595462161513,0.008496789798891572,0.006387509147535938,0.004491163965839725
0.004095308293454351,0.00794173049008419,0.007499089392644963,0.005863990900322706,0.004491163965839725,0.0032282601839940836
