0,1,2,3,4,5
0.008657772762524748,0.014937313712726658,0.012448541280570428,0.008661785702789544,0.006090899905951161,0.0039419771306344695
0.014937313712726658,0.0263850095784017,0.022534977757865237,0.01605776653552871,0.01149180374446871,0.007607668580609593
0.012448541280570428,0.022534977757865237,0.019765633964587047,0.01445685575882572,0.010547599251576327,0.007149887122823159
0.008661785702789544,0.01605776653552871,0.01445685575882572,0.010845931404931843,0.008061357319448325,0.0055850544304334865
0.006090899905951161,0.01149180374446871,0.010547599251576327,0.008061357319448325,0.006073007762366285,0.004272633676423749
0.0039419771306344695,0.007607668580609593,0.007149887122823159,0.0055850544304334865,0.004272633676423749,0.0030579553828442253
