0,1,2,3,4,5,6
0.00038896814481064433,0.0004901559567621588,0.00034392522601717755,0.00022323509910299587,0.0001412279164682571,0.00010519866289584166,6.895249084718562e-05
0.0004901559567621588,0.00069197669812815,0.0005398854313123396,0.00038475320236889583,0.00027126844840478186,0.00020806413081882817,0.00015112116264099843
0.00034392522601717755,0.0005398854313123396,0.0004578476568446731,0.00034804402413384666,0.00026179420668784136,0.00020449211825382865,0.00015606662551212352
0.00022323509910299587,0.00038475320236889583,0.00034804402413384666,0.00027742953464289353,0.00021777337113106692,0.0001724195018802241,0.00013535743480297275
0.0001412279164682571,0.00027126844840478186,0.00026179420668784136,0.00021777337113106692,0.00017759937953448632,0.00014233881234149072,0.00011438125189897783
0.00010519866289584166,0.00020806413081882817,0.00020449211825382865,0.0001724195018802241,0.00014233881234149072,0.00011479971914236219,9.302894051605554e-05
6.895249084718562e-05,0.00015112116264099843,0.00015606662551212352,0.00013535743480297275,0.00011438125189897783,9.302894051605554e-05,7.672592698780343e-05
